Automatically generated mesh
     135
Reciprocal lattice
    0.00000000000000    0.00000000000000    0.00000000000000             1
    0.33333333333334   -0.00000000000000    0.00000000000000             1
   -0.33333333333334    0.00000000000000    0.00000000000000             1
   -0.00000000000000    0.33333333333334    0.00000000000000             1
    0.33333333333334    0.33333333333334    0.00000000000000             1
   -0.33333333333334    0.33333333333334    0.00000000000000             1
    0.00000000000000   -0.33333333333334    0.00000000000000             1
    0.33333333333334   -0.33333333333334    0.00000000000000             1
   -0.33333333333334   -0.33333333333334    0.00000000000000             1
    0.00000000000000    0.00000000000000    0.06666666666667             1
    0.33333333333334   -0.00000000000000    0.06666666666667             1
   -0.33333333333334    0.00000000000000    0.06666666666667             1
   -0.00000000000000    0.33333333333334    0.06666666666667             1
    0.33333333333334    0.33333333333334    0.06666666666667             1
   -0.33333333333334    0.33333333333334    0.06666666666667             1
    0.00000000000000   -0.33333333333334    0.06666666666667             1
    0.33333333333334   -0.33333333333334    0.06666666666667             1
   -0.33333333333334   -0.33333333333334    0.06666666666667             1
    0.00000000000000    0.00000000000000    0.13333333333333             1
    0.33333333333334   -0.00000000000000    0.13333333333333             1
   -0.33333333333334    0.00000000000000    0.13333333333333             1
   -0.00000000000000    0.33333333333334    0.13333333333333             1
    0.33333333333334    0.33333333333334    0.13333333333333             1
   -0.33333333333334    0.33333333333334    0.13333333333333             1
    0.00000000000000   -0.33333333333334    0.13333333333333             1
    0.33333333333334   -0.33333333333334    0.13333333333333             1
   -0.33333333333334   -0.33333333333334    0.13333333333333             1
    0.00000000000000    0.00000000000000    0.20000000000000             1
    0.33333333333334   -0.00000000000000    0.20000000000000             1
   -0.33333333333334    0.00000000000000    0.20000000000000             1
   -0.00000000000000    0.33333333333334    0.20000000000000             1
    0.33333333333334    0.33333333333334    0.20000000000000             1
   -0.33333333333334    0.33333333333334    0.20000000000000             1
    0.00000000000000   -0.33333333333334    0.20000000000000             1
    0.33333333333334   -0.33333333333334    0.20000000000000             1
   -0.33333333333334   -0.33333333333334    0.20000000000000             1
    0.00000000000000    0.00000000000000    0.26666666666667             1
    0.33333333333334   -0.00000000000000    0.26666666666667             1
   -0.33333333333334    0.00000000000000    0.26666666666667             1
   -0.00000000000000    0.33333333333334    0.26666666666667             1
    0.33333333333334    0.33333333333334    0.26666666666667             1
   -0.33333333333334    0.33333333333334    0.26666666666667             1
    0.00000000000000   -0.33333333333334    0.26666666666667             1
    0.33333333333334   -0.33333333333334    0.26666666666667             1
   -0.33333333333334   -0.33333333333334    0.26666666666667             1
    0.00000000000000    0.00000000000000    0.33333333333334             1
    0.33333333333334   -0.00000000000000    0.33333333333334             1
   -0.33333333333334    0.00000000000000    0.33333333333334             1
   -0.00000000000000    0.33333333333334    0.33333333333334             1
    0.33333333333334    0.33333333333334    0.33333333333334             1
   -0.33333333333334    0.33333333333334    0.33333333333334             1
    0.00000000000000   -0.33333333333334    0.33333333333334             1
    0.33333333333334   -0.33333333333334    0.33333333333334             1
   -0.33333333333334   -0.33333333333334    0.33333333333334             1
    0.00000000000000    0.00000000000000    0.40000000000000             1
    0.33333333333334   -0.00000000000000    0.40000000000000             1
   -0.33333333333334    0.00000000000000    0.40000000000000             1
   -0.00000000000000    0.33333333333334    0.40000000000000             1
    0.33333333333334    0.33333333333334    0.40000000000000             1
   -0.33333333333334    0.33333333333334    0.40000000000000             1
    0.00000000000000   -0.33333333333334    0.40000000000000             1
    0.33333333333334   -0.33333333333334    0.40000000000000             1
   -0.33333333333334   -0.33333333333334    0.40000000000000             1
    0.00000000000000    0.00000000000000    0.46666666666667             1
    0.33333333333334   -0.00000000000000    0.46666666666667             1
   -0.33333333333334    0.00000000000000    0.46666666666667             1
   -0.00000000000000    0.33333333333334    0.46666666666667             1
    0.33333333333334    0.33333333333334    0.46666666666667             1
   -0.33333333333334    0.33333333333334    0.46666666666667             1
    0.00000000000000   -0.33333333333334    0.46666666666667             1
    0.33333333333334   -0.33333333333334    0.46666666666667             1
   -0.33333333333334   -0.33333333333334    0.46666666666667             1
    0.00000000000000    0.00000000000000   -0.46666666666667             1
    0.33333333333334   -0.00000000000000   -0.46666666666667             1
   -0.33333333333334    0.00000000000000   -0.46666666666667             1
   -0.00000000000000    0.33333333333334   -0.46666666666667             1
    0.33333333333334    0.33333333333334   -0.46666666666667             1
   -0.33333333333334    0.33333333333334   -0.46666666666667             1
    0.00000000000000   -0.33333333333334   -0.46666666666667             1
    0.33333333333334   -0.33333333333334   -0.46666666666667             1
   -0.33333333333334   -0.33333333333334   -0.46666666666667             1
    0.00000000000000    0.00000000000000   -0.40000000000000             1
    0.33333333333334   -0.00000000000000   -0.40000000000000             1
   -0.33333333333334    0.00000000000000   -0.40000000000000             1
   -0.00000000000000    0.33333333333334   -0.40000000000000             1
    0.33333333333334    0.33333333333334   -0.40000000000000             1
   -0.33333333333334    0.33333333333334   -0.40000000000000             1
    0.00000000000000   -0.33333333333334   -0.40000000000000             1
    0.33333333333334   -0.33333333333334   -0.40000000000000             1
   -0.33333333333334   -0.33333333333334   -0.40000000000000             1
    0.00000000000000    0.00000000000000   -0.33333333333334             1
    0.33333333333334   -0.00000000000000   -0.33333333333334             1
   -0.33333333333334    0.00000000000000   -0.33333333333334             1
   -0.00000000000000    0.33333333333334   -0.33333333333334             1
    0.33333333333334    0.33333333333334   -0.33333333333334             1
   -0.33333333333334    0.33333333333334   -0.33333333333334             1
    0.00000000000000   -0.33333333333334   -0.33333333333334             1
    0.33333333333334   -0.33333333333334   -0.33333333333334             1
   -0.33333333333334   -0.33333333333334   -0.33333333333334             1
    0.00000000000000    0.00000000000000   -0.26666666666667             1
    0.33333333333334   -0.00000000000000   -0.26666666666667             1
   -0.33333333333334    0.00000000000000   -0.26666666666667             1
   -0.00000000000000    0.33333333333334   -0.26666666666667             1
    0.33333333333334    0.33333333333334   -0.26666666666667             1
   -0.33333333333334    0.33333333333334   -0.26666666666667             1
    0.00000000000000   -0.33333333333334   -0.26666666666667             1
    0.33333333333334   -0.33333333333334   -0.26666666666667             1
   -0.33333333333334   -0.33333333333334   -0.26666666666667             1
    0.00000000000000    0.00000000000000   -0.20000000000000             1
    0.33333333333334   -0.00000000000000   -0.20000000000000             1
   -0.33333333333334    0.00000000000000   -0.20000000000000             1
   -0.00000000000000    0.33333333333334   -0.20000000000000             1
    0.33333333333334    0.33333333333334   -0.20000000000000             1
   -0.33333333333334    0.33333333333334   -0.20000000000000             1
    0.00000000000000   -0.33333333333334   -0.20000000000000             1
    0.33333333333334   -0.33333333333334   -0.20000000000000             1
   -0.33333333333334   -0.33333333333334   -0.20000000000000             1
    0.00000000000000    0.00000000000000   -0.13333333333333             1
    0.33333333333334   -0.00000000000000   -0.13333333333333             1
   -0.33333333333334    0.00000000000000   -0.13333333333333             1
   -0.00000000000000    0.33333333333334   -0.13333333333333             1
    0.33333333333334    0.33333333333334   -0.13333333333333             1
   -0.33333333333334    0.33333333333334   -0.13333333333333             1
    0.00000000000000   -0.33333333333334   -0.13333333333333             1
    0.33333333333334   -0.33333333333334   -0.13333333333333             1
   -0.33333333333334   -0.33333333333334   -0.13333333333333             1
    0.00000000000000    0.00000000000000   -0.06666666666667             1
    0.33333333333334   -0.00000000000000   -0.06666666666667             1
   -0.33333333333334    0.00000000000000   -0.06666666666667             1
   -0.00000000000000    0.33333333333334   -0.06666666666667             1
    0.33333333333334    0.33333333333334   -0.06666666666667             1
   -0.33333333333334    0.33333333333334   -0.06666666666667             1
    0.00000000000000   -0.33333333333334   -0.06666666666667             1
    0.33333333333334   -0.33333333333334   -0.06666666666667             1
   -0.33333333333334   -0.33333333333334   -0.06666666666667             1
