Automatically generated mesh
      27
Reciprocal lattice
    0.00000000000000    0.00000000000000    0.00000000000000             1
    0.33333333333334   -0.00000000000000    0.00000000000000             1
   -0.33333333333334    0.00000000000000    0.00000000000000             1
    0.00000000000000    0.33333333333334    0.00000000000000             1
    0.33333333333334    0.33333333333334    0.00000000000000             1
   -0.33333333333334    0.33333333333334    0.00000000000000             1
    0.00000000000000   -0.33333333333334    0.00000000000000             1
    0.33333333333334   -0.33333333333334    0.00000000000000             1
   -0.33333333333334   -0.33333333333334    0.00000000000000             1
   -0.00000000000000    0.00000000000000    0.33333333333334             1
    0.33333333333334    0.00000000000000    0.33333333333334             1
   -0.33333333333334    0.00000000000000    0.33333333333334             1
   -0.00000000000000    0.33333333333334    0.33333333333334             1
    0.33333333333334    0.33333333333334    0.33333333333334             1
   -0.33333333333334    0.33333333333334    0.33333333333334             1
   -0.00000000000000   -0.33333333333334    0.33333333333334             1
    0.33333333333334   -0.33333333333334    0.33333333333334             1
   -0.33333333333334   -0.33333333333334    0.33333333333334             1
    0.00000000000000   -0.00000000000000   -0.33333333333334             1
    0.33333333333334   -0.00000000000000   -0.33333333333334             1
   -0.33333333333334   -0.00000000000000   -0.33333333333334             1
    0.00000000000000    0.33333333333334   -0.33333333333334             1
    0.33333333333334    0.33333333333334   -0.33333333333334             1
   -0.33333333333334    0.33333333333334   -0.33333333333334             1
    0.00000000000000   -0.33333333333334   -0.33333333333334             1
    0.33333333333334   -0.33333333333334   -0.33333333333334             1
   -0.33333333333334   -0.33333333333334   -0.33333333333334             1
