Automatically generated mesh
     315
Reciprocal lattice
    0.00000000000000    0.00000000000000    0.00000000000000             1
    0.11111111111111    0.00000000000000    0.00000000000000             1
    0.22222222222222    0.00000000000000    0.00000000000000             1
    0.33333333333334    0.00000000000000    0.00000000000000             1
    0.44444444444444    0.00000000000000    0.00000000000000             1
   -0.44444444444444    0.00000000000000    0.00000000000000             1
   -0.33333333333334    0.00000000000000    0.00000000000000             1
   -0.22222222222222    0.00000000000000    0.00000000000000             1
   -0.11111111111111    0.00000000000000    0.00000000000000             1
    0.00000000000000    0.14285714285715    0.00000000000000             1
    0.11111111111111    0.14285714285715    0.00000000000000             1
    0.22222222222222    0.14285714285715    0.00000000000000             1
    0.33333333333334    0.14285714285715    0.00000000000000             1
    0.44444444444444    0.14285714285715    0.00000000000000             1
   -0.44444444444444    0.14285714285715    0.00000000000000             1
   -0.33333333333334    0.14285714285715    0.00000000000000             1
   -0.22222222222222    0.14285714285715    0.00000000000000             1
   -0.11111111111111    0.14285714285715    0.00000000000000             1
    0.00000000000000    0.28571428571428    0.00000000000000             1
    0.11111111111111    0.28571428571428    0.00000000000000             1
    0.22222222222222    0.28571428571428    0.00000000000000             1
    0.33333333333334    0.28571428571428    0.00000000000000             1
    0.44444444444444    0.28571428571428    0.00000000000000             1
   -0.44444444444444    0.28571428571428    0.00000000000000             1
   -0.33333333333334    0.28571428571428    0.00000000000000             1
   -0.22222222222222    0.28571428571428    0.00000000000000             1
   -0.11111111111111    0.28571428571428    0.00000000000000             1
    0.00000000000000    0.42857142857143    0.00000000000000             1
    0.11111111111111    0.42857142857143    0.00000000000000             1
    0.22222222222222    0.42857142857143    0.00000000000000             1
    0.33333333333334    0.42857142857143    0.00000000000000             1
    0.44444444444444    0.42857142857143    0.00000000000000             1
   -0.44444444444444    0.42857142857143    0.00000000000000             1
   -0.33333333333334    0.42857142857143    0.00000000000000             1
   -0.22222222222222    0.42857142857143    0.00000000000000             1
   -0.11111111111111    0.42857142857143    0.00000000000000             1
    0.00000000000000   -0.42857142857143    0.00000000000000             1
    0.11111111111111   -0.42857142857143    0.00000000000000             1
    0.22222222222222   -0.42857142857143    0.00000000000000             1
    0.33333333333334   -0.42857142857143    0.00000000000000             1
    0.44444444444444   -0.42857142857143    0.00000000000000             1
   -0.44444444444444   -0.42857142857143    0.00000000000000             1
   -0.33333333333334   -0.42857142857143    0.00000000000000             1
   -0.22222222222222   -0.42857142857143    0.00000000000000             1
   -0.11111111111111   -0.42857142857143    0.00000000000000             1
    0.00000000000000   -0.28571428571428    0.00000000000000             1
    0.11111111111111   -0.28571428571428    0.00000000000000             1
    0.22222222222222   -0.28571428571428    0.00000000000000             1
    0.33333333333334   -0.28571428571428    0.00000000000000             1
    0.44444444444444   -0.28571428571428    0.00000000000000             1
   -0.44444444444444   -0.28571428571428    0.00000000000000             1
   -0.33333333333334   -0.28571428571428    0.00000000000000             1
   -0.22222222222222   -0.28571428571428    0.00000000000000             1
   -0.11111111111111   -0.28571428571428    0.00000000000000             1
    0.00000000000000   -0.14285714285715    0.00000000000000             1
    0.11111111111111   -0.14285714285715    0.00000000000000             1
    0.22222222222222   -0.14285714285715    0.00000000000000             1
    0.33333333333334   -0.14285714285715    0.00000000000000             1
    0.44444444444444   -0.14285714285715    0.00000000000000             1
   -0.44444444444444   -0.14285714285715    0.00000000000000             1
   -0.33333333333334   -0.14285714285715    0.00000000000000             1
   -0.22222222222222   -0.14285714285715    0.00000000000000             1
   -0.11111111111111   -0.14285714285715    0.00000000000000             1
    0.00000000000000    0.00000000000000    0.20000000000000             1
    0.11111111111111    0.00000000000000    0.20000000000000             1
    0.22222222222222    0.00000000000000    0.20000000000000             1
    0.33333333333334    0.00000000000000    0.20000000000000             1
    0.44444444444444    0.00000000000000    0.20000000000000             1
   -0.44444444444444    0.00000000000000    0.20000000000000             1
   -0.33333333333334    0.00000000000000    0.20000000000000             1
   -0.22222222222222    0.00000000000000    0.20000000000000             1
   -0.11111111111111    0.00000000000000    0.20000000000000             1
    0.00000000000000    0.14285714285715    0.20000000000000             1
    0.11111111111111    0.14285714285715    0.20000000000000             1
    0.22222222222222    0.14285714285715    0.20000000000000             1
    0.33333333333334    0.14285714285715    0.20000000000000             1
    0.44444444444444    0.14285714285715    0.20000000000000             1
   -0.44444444444444    0.14285714285715    0.20000000000000             1
   -0.33333333333334    0.14285714285715    0.20000000000000             1
   -0.22222222222222    0.14285714285715    0.20000000000000             1
   -0.11111111111111    0.14285714285715    0.20000000000000             1
    0.00000000000000    0.28571428571428    0.20000000000000             1
    0.11111111111111    0.28571428571428    0.20000000000000             1
    0.22222222222222    0.28571428571428    0.20000000000000             1
    0.33333333333334    0.28571428571428    0.20000000000000             1
    0.44444444444444    0.28571428571428    0.20000000000000             1
   -0.44444444444444    0.28571428571428    0.20000000000000             1
   -0.33333333333334    0.28571428571428    0.20000000000000             1
   -0.22222222222222    0.28571428571428    0.20000000000000             1
   -0.11111111111111    0.28571428571428    0.20000000000000             1
    0.00000000000000    0.42857142857143    0.20000000000000             1
    0.11111111111111    0.42857142857143    0.20000000000000             1
    0.22222222222222    0.42857142857143    0.20000000000000             1
    0.33333333333334    0.42857142857143    0.20000000000000             1
    0.44444444444444    0.42857142857143    0.20000000000000             1
   -0.44444444444444    0.42857142857143    0.20000000000000             1
   -0.33333333333334    0.42857142857143    0.20000000000000             1
   -0.22222222222222    0.42857142857143    0.20000000000000             1
   -0.11111111111111    0.42857142857143    0.20000000000000             1
    0.00000000000000   -0.42857142857143    0.20000000000000             1
    0.11111111111111   -0.42857142857143    0.20000000000000             1
    0.22222222222222   -0.42857142857143    0.20000000000000             1
    0.33333333333334   -0.42857142857143    0.20000000000000             1
    0.44444444444444   -0.42857142857143    0.20000000000000             1
   -0.44444444444444   -0.42857142857143    0.20000000000000             1
   -0.33333333333334   -0.42857142857143    0.20000000000000             1
   -0.22222222222222   -0.42857142857143    0.20000000000000             1
   -0.11111111111111   -0.42857142857143    0.20000000000000             1
    0.00000000000000   -0.28571428571428    0.20000000000000             1
    0.11111111111111   -0.28571428571428    0.20000000000000             1
    0.22222222222222   -0.28571428571428    0.20000000000000             1
    0.33333333333334   -0.28571428571428    0.20000000000000             1
    0.44444444444444   -0.28571428571428    0.20000000000000             1
   -0.44444444444444   -0.28571428571428    0.20000000000000             1
   -0.33333333333334   -0.28571428571428    0.20000000000000             1
   -0.22222222222222   -0.28571428571428    0.20000000000000             1
   -0.11111111111111   -0.28571428571428    0.20000000000000             1
    0.00000000000000   -0.14285714285715    0.20000000000000             1
    0.11111111111111   -0.14285714285715    0.20000000000000             1
    0.22222222222222   -0.14285714285715    0.20000000000000             1
    0.33333333333334   -0.14285714285715    0.20000000000000             1
    0.44444444444444   -0.14285714285715    0.20000000000000             1
   -0.44444444444444   -0.14285714285715    0.20000000000000             1
   -0.33333333333334   -0.14285714285715    0.20000000000000             1
   -0.22222222222222   -0.14285714285715    0.20000000000000             1
   -0.11111111111111   -0.14285714285715    0.20000000000000             1
    0.00000000000000    0.00000000000000    0.40000000000000             1
    0.11111111111111    0.00000000000000    0.40000000000000             1
    0.22222222222222    0.00000000000000    0.40000000000000             1
    0.33333333333334    0.00000000000000    0.40000000000000             1
    0.44444444444444    0.00000000000000    0.40000000000000             1
   -0.44444444444444    0.00000000000000    0.40000000000000             1
   -0.33333333333334    0.00000000000000    0.40000000000000             1
   -0.22222222222222    0.00000000000000    0.40000000000000             1
   -0.11111111111111    0.00000000000000    0.40000000000000             1
    0.00000000000000    0.14285714285715    0.40000000000000             1
    0.11111111111111    0.14285714285715    0.40000000000000             1
    0.22222222222222    0.14285714285715    0.40000000000000             1
    0.33333333333334    0.14285714285715    0.40000000000000             1
    0.44444444444444    0.14285714285715    0.40000000000000             1
   -0.44444444444444    0.14285714285715    0.40000000000000             1
   -0.33333333333334    0.14285714285715    0.40000000000000             1
   -0.22222222222222    0.14285714285715    0.40000000000000             1
   -0.11111111111111    0.14285714285715    0.40000000000000             1
    0.00000000000000    0.28571428571428    0.40000000000000             1
    0.11111111111111    0.28571428571428    0.40000000000000             1
    0.22222222222222    0.28571428571428    0.40000000000000             1
    0.33333333333334    0.28571428571428    0.40000000000000             1
    0.44444444444444    0.28571428571428    0.40000000000000             1
   -0.44444444444444    0.28571428571428    0.40000000000000             1
   -0.33333333333334    0.28571428571428    0.40000000000000             1
   -0.22222222222222    0.28571428571428    0.40000000000000             1
   -0.11111111111111    0.28571428571428    0.40000000000000             1
    0.00000000000000    0.42857142857143    0.40000000000000             1
    0.11111111111111    0.42857142857143    0.40000000000000             1
    0.22222222222222    0.42857142857143    0.40000000000000             1
    0.33333333333334    0.42857142857143    0.40000000000000             1
    0.44444444444444    0.42857142857143    0.40000000000000             1
   -0.44444444444444    0.42857142857143    0.40000000000000             1
   -0.33333333333334    0.42857142857143    0.40000000000000             1
   -0.22222222222222    0.42857142857143    0.40000000000000             1
   -0.11111111111111    0.42857142857143    0.40000000000000             1
    0.00000000000000   -0.42857142857143    0.40000000000000             1
    0.11111111111111   -0.42857142857143    0.40000000000000             1
    0.22222222222222   -0.42857142857143    0.40000000000000             1
    0.33333333333334   -0.42857142857143    0.40000000000000             1
    0.44444444444444   -0.42857142857143    0.40000000000000             1
   -0.44444444444444   -0.42857142857143    0.40000000000000             1
   -0.33333333333334   -0.42857142857143    0.40000000000000             1
   -0.22222222222222   -0.42857142857143    0.40000000000000             1
   -0.11111111111111   -0.42857142857143    0.40000000000000             1
    0.00000000000000   -0.28571428571428    0.40000000000000             1
    0.11111111111111   -0.28571428571428    0.40000000000000             1
    0.22222222222222   -0.28571428571428    0.40000000000000             1
    0.33333333333334   -0.28571428571428    0.40000000000000             1
    0.44444444444444   -0.28571428571428    0.40000000000000             1
   -0.44444444444444   -0.28571428571428    0.40000000000000             1
   -0.33333333333334   -0.28571428571428    0.40000000000000             1
   -0.22222222222222   -0.28571428571428    0.40000000000000             1
   -0.11111111111111   -0.28571428571428    0.40000000000000             1
    0.00000000000000   -0.14285714285715    0.40000000000000             1
    0.11111111111111   -0.14285714285715    0.40000000000000             1
    0.22222222222222   -0.14285714285715    0.40000000000000             1
    0.33333333333334   -0.14285714285715    0.40000000000000             1
    0.44444444444444   -0.14285714285715    0.40000000000000             1
   -0.44444444444444   -0.14285714285715    0.40000000000000             1
   -0.33333333333334   -0.14285714285715    0.40000000000000             1
   -0.22222222222222   -0.14285714285715    0.40000000000000             1
   -0.11111111111111   -0.14285714285715    0.40000000000000             1
    0.00000000000000    0.00000000000000   -0.40000000000000             1
    0.11111111111111    0.00000000000000   -0.40000000000000             1
    0.22222222222222    0.00000000000000   -0.40000000000000             1
    0.33333333333334    0.00000000000000   -0.40000000000000             1
    0.44444444444444    0.00000000000000   -0.40000000000000             1
   -0.44444444444444    0.00000000000000   -0.40000000000000             1
   -0.33333333333334    0.00000000000000   -0.40000000000000             1
   -0.22222222222222    0.00000000000000   -0.40000000000000             1
   -0.11111111111111    0.00000000000000   -0.40000000000000             1
    0.00000000000000    0.14285714285715   -0.40000000000000             1
    0.11111111111111    0.14285714285715   -0.40000000000000             1
    0.22222222222222    0.14285714285715   -0.40000000000000             1
    0.33333333333334    0.14285714285715   -0.40000000000000             1
    0.44444444444444    0.14285714285715   -0.40000000000000             1
   -0.44444444444444    0.14285714285715   -0.40000000000000             1
   -0.33333333333334    0.14285714285715   -0.40000000000000             1
   -0.22222222222222    0.14285714285715   -0.40000000000000             1
   -0.11111111111111    0.14285714285715   -0.40000000000000             1
    0.00000000000000    0.28571428571428   -0.40000000000000             1
    0.11111111111111    0.28571428571428   -0.40000000000000             1
    0.22222222222222    0.28571428571428   -0.40000000000000             1
    0.33333333333334    0.28571428571428   -0.40000000000000             1
    0.44444444444444    0.28571428571428   -0.40000000000000             1
   -0.44444444444444    0.28571428571428   -0.40000000000000             1
   -0.33333333333334    0.28571428571428   -0.40000000000000             1
   -0.22222222222222    0.28571428571428   -0.40000000000000             1
   -0.11111111111111    0.28571428571428   -0.40000000000000             1
    0.00000000000000    0.42857142857143   -0.40000000000000             1
    0.11111111111111    0.42857142857143   -0.40000000000000             1
    0.22222222222222    0.42857142857143   -0.40000000000000             1
    0.33333333333334    0.42857142857143   -0.40000000000000             1
    0.44444444444444    0.42857142857143   -0.40000000000000             1
   -0.44444444444444    0.42857142857143   -0.40000000000000             1
   -0.33333333333334    0.42857142857143   -0.40000000000000             1
   -0.22222222222222    0.42857142857143   -0.40000000000000             1
   -0.11111111111111    0.42857142857143   -0.40000000000000             1
    0.00000000000000   -0.42857142857143   -0.40000000000000             1
    0.11111111111111   -0.42857142857143   -0.40000000000000             1
    0.22222222222222   -0.42857142857143   -0.40000000000000             1
    0.33333333333334   -0.42857142857143   -0.40000000000000             1
    0.44444444444444   -0.42857142857143   -0.40000000000000             1
   -0.44444444444444   -0.42857142857143   -0.40000000000000             1
   -0.33333333333334   -0.42857142857143   -0.40000000000000             1
   -0.22222222222222   -0.42857142857143   -0.40000000000000             1
   -0.11111111111111   -0.42857142857143   -0.40000000000000             1
    0.00000000000000   -0.28571428571428   -0.40000000000000             1
    0.11111111111111   -0.28571428571428   -0.40000000000000             1
    0.22222222222222   -0.28571428571428   -0.40000000000000             1
    0.33333333333334   -0.28571428571428   -0.40000000000000             1
    0.44444444444444   -0.28571428571428   -0.40000000000000             1
   -0.44444444444444   -0.28571428571428   -0.40000000000000             1
   -0.33333333333334   -0.28571428571428   -0.40000000000000             1
   -0.22222222222222   -0.28571428571428   -0.40000000000000             1
   -0.11111111111111   -0.28571428571428   -0.40000000000000             1
    0.00000000000000   -0.14285714285715   -0.40000000000000             1
    0.11111111111111   -0.14285714285715   -0.40000000000000             1
    0.22222222222222   -0.14285714285715   -0.40000000000000             1
    0.33333333333334   -0.14285714285715   -0.40000000000000             1
    0.44444444444444   -0.14285714285715   -0.40000000000000             1
   -0.44444444444444   -0.14285714285715   -0.40000000000000             1
   -0.33333333333334   -0.14285714285715   -0.40000000000000             1
   -0.22222222222222   -0.14285714285715   -0.40000000000000             1
   -0.11111111111111   -0.14285714285715   -0.40000000000000             1
    0.00000000000000    0.00000000000000   -0.20000000000000             1
    0.11111111111111    0.00000000000000   -0.20000000000000             1
    0.22222222222222    0.00000000000000   -0.20000000000000             1
    0.33333333333334    0.00000000000000   -0.20000000000000             1
    0.44444444444444    0.00000000000000   -0.20000000000000             1
   -0.44444444444444    0.00000000000000   -0.20000000000000             1
   -0.33333333333334    0.00000000000000   -0.20000000000000             1
   -0.22222222222222    0.00000000000000   -0.20000000000000             1
   -0.11111111111111    0.00000000000000   -0.20000000000000             1
    0.00000000000000    0.14285714285715   -0.20000000000000             1
    0.11111111111111    0.14285714285715   -0.20000000000000             1
    0.22222222222222    0.14285714285715   -0.20000000000000             1
    0.33333333333334    0.14285714285715   -0.20000000000000             1
    0.44444444444444    0.14285714285715   -0.20000000000000             1
   -0.44444444444444    0.14285714285715   -0.20000000000000             1
   -0.33333333333334    0.14285714285715   -0.20000000000000             1
   -0.22222222222222    0.14285714285715   -0.20000000000000             1
   -0.11111111111111    0.14285714285715   -0.20000000000000             1
    0.00000000000000    0.28571428571428   -0.20000000000000             1
    0.11111111111111    0.28571428571428   -0.20000000000000             1
    0.22222222222222    0.28571428571428   -0.20000000000000             1
    0.33333333333334    0.28571428571428   -0.20000000000000             1
    0.44444444444444    0.28571428571428   -0.20000000000000             1
   -0.44444444444444    0.28571428571428   -0.20000000000000             1
   -0.33333333333334    0.28571428571428   -0.20000000000000             1
   -0.22222222222222    0.28571428571428   -0.20000000000000             1
   -0.11111111111111    0.28571428571428   -0.20000000000000             1
    0.00000000000000    0.42857142857143   -0.20000000000000             1
    0.11111111111111    0.42857142857143   -0.20000000000000             1
    0.22222222222222    0.42857142857143   -0.20000000000000             1
    0.33333333333334    0.42857142857143   -0.20000000000000             1
    0.44444444444444    0.42857142857143   -0.20000000000000             1
   -0.44444444444444    0.42857142857143   -0.20000000000000             1
   -0.33333333333334    0.42857142857143   -0.20000000000000             1
   -0.22222222222222    0.42857142857143   -0.20000000000000             1
   -0.11111111111111    0.42857142857143   -0.20000000000000             1
    0.00000000000000   -0.42857142857143   -0.20000000000000             1
    0.11111111111111   -0.42857142857143   -0.20000000000000             1
    0.22222222222222   -0.42857142857143   -0.20000000000000             1
    0.33333333333334   -0.42857142857143   -0.20000000000000             1
    0.44444444444444   -0.42857142857143   -0.20000000000000             1
   -0.44444444444444   -0.42857142857143   -0.20000000000000             1
   -0.33333333333334   -0.42857142857143   -0.20000000000000             1
   -0.22222222222222   -0.42857142857143   -0.20000000000000             1
   -0.11111111111111   -0.42857142857143   -0.20000000000000             1
    0.00000000000000   -0.28571428571428   -0.20000000000000             1
    0.11111111111111   -0.28571428571428   -0.20000000000000             1
    0.22222222222222   -0.28571428571428   -0.20000000000000             1
    0.33333333333334   -0.28571428571428   -0.20000000000000             1
    0.44444444444444   -0.28571428571428   -0.20000000000000             1
   -0.44444444444444   -0.28571428571428   -0.20000000000000             1
   -0.33333333333334   -0.28571428571428   -0.20000000000000             1
   -0.22222222222222   -0.28571428571428   -0.20000000000000             1
   -0.11111111111111   -0.28571428571428   -0.20000000000000             1
    0.00000000000000   -0.14285714285715   -0.20000000000000             1
    0.11111111111111   -0.14285714285715   -0.20000000000000             1
    0.22222222222222   -0.14285714285715   -0.20000000000000             1
    0.33333333333334   -0.14285714285715   -0.20000000000000             1
    0.44444444444444   -0.14285714285715   -0.20000000000000             1
   -0.44444444444444   -0.14285714285715   -0.20000000000000             1
   -0.33333333333334   -0.14285714285715   -0.20000000000000             1
   -0.22222222222222   -0.14285714285715   -0.20000000000000             1
   -0.11111111111111   -0.14285714285715   -0.20000000000000             1
