Automatically generated mesh
       8
Reciprocal lattice
    0.25000000000000    0.25000000000000    0.25000000000000             1
   -0.25000000000000    0.25000000000000    0.25000000000000             1
    0.25000000000000   -0.25000000000000    0.25000000000000             1
   -0.25000000000000   -0.25000000000000    0.25000000000000             1
    0.25000000000000    0.25000000000000   -0.25000000000000             1
   -0.25000000000000    0.25000000000000   -0.25000000000000             1
    0.25000000000000   -0.25000000000000   -0.25000000000000             1
   -0.25000000000000   -0.25000000000000   -0.25000000000000             1
