Automatically generated mesh
     189
Reciprocal lattice
    0.00000000000000    0.00000000000000    0.00000000000000             1
    0.11111111111111    0.00000000000000    0.00000000000000             1
    0.22222222222222    0.00000000000000    0.00000000000000             1
    0.33333333333334    0.00000000000000    0.00000000000000             1
    0.44444444444444    0.00000000000000    0.00000000000000             1
   -0.44444444444444    0.00000000000000    0.00000000000000             1
   -0.33333333333334    0.00000000000000    0.00000000000000             1
   -0.22222222222222    0.00000000000000    0.00000000000000             1
   -0.11111111111111    0.00000000000000    0.00000000000000             1
    0.00000000000000    0.33333333333334   -0.00000000000000             1
    0.11111111111111    0.33333333333334   -0.00000000000000             1
    0.22222222222222    0.33333333333334   -0.00000000000000             1
    0.33333333333334    0.33333333333334   -0.00000000000000             1
    0.44444444444444    0.33333333333334   -0.00000000000000             1
   -0.44444444444444    0.33333333333334   -0.00000000000000             1
   -0.33333333333334    0.33333333333334   -0.00000000000000             1
   -0.22222222222222    0.33333333333334   -0.00000000000000             1
   -0.11111111111111    0.33333333333334   -0.00000000000000             1
    0.00000000000000   -0.33333333333334    0.00000000000000             1
    0.11111111111111   -0.33333333333334    0.00000000000000             1
    0.22222222222222   -0.33333333333334    0.00000000000000             1
    0.33333333333334   -0.33333333333334    0.00000000000000             1
    0.44444444444444   -0.33333333333334    0.00000000000000             1
   -0.44444444444444   -0.33333333333334    0.00000000000000             1
   -0.33333333333334   -0.33333333333334    0.00000000000000             1
   -0.22222222222222   -0.33333333333334    0.00000000000000             1
   -0.11111111111111   -0.33333333333334    0.00000000000000             1
    0.00000000000000    0.00000000000000    0.14285714285715             1
    0.11111111111111    0.00000000000000    0.14285714285715             1
    0.22222222222222    0.00000000000000    0.14285714285715             1
    0.33333333333334    0.00000000000000    0.14285714285715             1
    0.44444444444444    0.00000000000000    0.14285714285715             1
   -0.44444444444444    0.00000000000000    0.14285714285715             1
   -0.33333333333334    0.00000000000000    0.14285714285715             1
   -0.22222222222222    0.00000000000000    0.14285714285715             1
   -0.11111111111111    0.00000000000000    0.14285714285715             1
    0.00000000000000    0.33333333333334    0.14285714285715             1
    0.11111111111111    0.33333333333334    0.14285714285715             1
    0.22222222222222    0.33333333333334    0.14285714285715             1
    0.33333333333334    0.33333333333334    0.14285714285715             1
    0.44444444444444    0.33333333333334    0.14285714285715             1
   -0.44444444444444    0.33333333333334    0.14285714285715             1
   -0.33333333333334    0.33333333333334    0.14285714285715             1
   -0.22222222222222    0.33333333333334    0.14285714285715             1
   -0.11111111111111    0.33333333333334    0.14285714285715             1
    0.00000000000000   -0.33333333333334    0.14285714285715             1
    0.11111111111111   -0.33333333333334    0.14285714285715             1
    0.22222222222222   -0.33333333333334    0.14285714285715             1
    0.33333333333334   -0.33333333333334    0.14285714285715             1
    0.44444444444444   -0.33333333333334    0.14285714285715             1
   -0.44444444444444   -0.33333333333334    0.14285714285715             1
   -0.33333333333334   -0.33333333333334    0.14285714285715             1
   -0.22222222222222   -0.33333333333334    0.14285714285715             1
   -0.11111111111111   -0.33333333333334    0.14285714285715             1
    0.00000000000000    0.00000000000000    0.28571428571428             1
    0.11111111111111    0.00000000000000    0.28571428571428             1
    0.22222222222222    0.00000000000000    0.28571428571428             1
    0.33333333333334    0.00000000000000    0.28571428571428             1
    0.44444444444444    0.00000000000000    0.28571428571428             1
   -0.44444444444444    0.00000000000000    0.28571428571428             1
   -0.33333333333334    0.00000000000000    0.28571428571428             1
   -0.22222222222222    0.00000000000000    0.28571428571428             1
   -0.11111111111111    0.00000000000000    0.28571428571428             1
    0.00000000000000    0.33333333333334    0.28571428571428             1
    0.11111111111111    0.33333333333334    0.28571428571428             1
    0.22222222222222    0.33333333333334    0.28571428571428             1
    0.33333333333334    0.33333333333334    0.28571428571428             1
    0.44444444444444    0.33333333333334    0.28571428571428             1
   -0.44444444444444    0.33333333333334    0.28571428571428             1
   -0.33333333333334    0.33333333333334    0.28571428571428             1
   -0.22222222222222    0.33333333333334    0.28571428571428             1
   -0.11111111111111    0.33333333333334    0.28571428571428             1
    0.00000000000000   -0.33333333333334    0.28571428571428             1
    0.11111111111111   -0.33333333333334    0.28571428571428             1
    0.22222222222222   -0.33333333333334    0.28571428571428             1
    0.33333333333334   -0.33333333333334    0.28571428571428             1
    0.44444444444444   -0.33333333333334    0.28571428571428             1
   -0.44444444444444   -0.33333333333334    0.28571428571428             1
   -0.33333333333334   -0.33333333333334    0.28571428571428             1
   -0.22222222222222   -0.33333333333334    0.28571428571428             1
   -0.11111111111111   -0.33333333333334    0.28571428571428             1
    0.00000000000000    0.00000000000000    0.42857142857143             1
    0.11111111111111    0.00000000000000    0.42857142857143             1
    0.22222222222222    0.00000000000000    0.42857142857143             1
    0.33333333333334    0.00000000000000    0.42857142857143             1
    0.44444444444444    0.00000000000000    0.42857142857143             1
   -0.44444444444444    0.00000000000000    0.42857142857143             1
   -0.33333333333334    0.00000000000000    0.42857142857143             1
   -0.22222222222222    0.00000000000000    0.42857142857143             1
   -0.11111111111111    0.00000000000000    0.42857142857143             1
    0.00000000000000    0.33333333333334    0.42857142857143             1
    0.11111111111111    0.33333333333334    0.42857142857143             1
    0.22222222222222    0.33333333333334    0.42857142857143             1
    0.33333333333334    0.33333333333334    0.42857142857143             1
    0.44444444444444    0.33333333333334    0.42857142857143             1
   -0.44444444444444    0.33333333333334    0.42857142857143             1
   -0.33333333333334    0.33333333333334    0.42857142857143             1
   -0.22222222222222    0.33333333333334    0.42857142857143             1
   -0.11111111111111    0.33333333333334    0.42857142857143             1
    0.00000000000000   -0.33333333333334    0.42857142857143             1
    0.11111111111111   -0.33333333333334    0.42857142857143             1
    0.22222222222222   -0.33333333333334    0.42857142857143             1
    0.33333333333334   -0.33333333333334    0.42857142857143             1
    0.44444444444444   -0.33333333333334    0.42857142857143             1
   -0.44444444444444   -0.33333333333334    0.42857142857143             1
   -0.33333333333334   -0.33333333333334    0.42857142857143             1
   -0.22222222222222   -0.33333333333334    0.42857142857143             1
   -0.11111111111111   -0.33333333333334    0.42857142857143             1
    0.00000000000000    0.00000000000000   -0.42857142857143             1
    0.11111111111111    0.00000000000000   -0.42857142857143             1
    0.22222222222222    0.00000000000000   -0.42857142857143             1
    0.33333333333334    0.00000000000000   -0.42857142857143             1
    0.44444444444444    0.00000000000000   -0.42857142857143             1
   -0.44444444444444    0.00000000000000   -0.42857142857143             1
   -0.33333333333334    0.00000000000000   -0.42857142857143             1
   -0.22222222222222    0.00000000000000   -0.42857142857143             1
   -0.11111111111111    0.00000000000000   -0.42857142857143             1
    0.00000000000000    0.33333333333334   -0.42857142857143             1
    0.11111111111111    0.33333333333334   -0.42857142857143             1
    0.22222222222222    0.33333333333334   -0.42857142857143             1
    0.33333333333334    0.33333333333334   -0.42857142857143             1
    0.44444444444444    0.33333333333334   -0.42857142857143             1
   -0.44444444444444    0.33333333333334   -0.42857142857143             1
   -0.33333333333334    0.33333333333334   -0.42857142857143             1
   -0.22222222222222    0.33333333333334   -0.42857142857143             1
   -0.11111111111111    0.33333333333334   -0.42857142857143             1
    0.00000000000000   -0.33333333333334   -0.42857142857143             1
    0.11111111111111   -0.33333333333334   -0.42857142857143             1
    0.22222222222222   -0.33333333333334   -0.42857142857143             1
    0.33333333333334   -0.33333333333334   -0.42857142857143             1
    0.44444444444444   -0.33333333333334   -0.42857142857143             1
   -0.44444444444444   -0.33333333333334   -0.42857142857143             1
   -0.33333333333334   -0.33333333333334   -0.42857142857143             1
   -0.22222222222222   -0.33333333333334   -0.42857142857143             1
   -0.11111111111111   -0.33333333333334   -0.42857142857143             1
    0.00000000000000    0.00000000000000   -0.28571428571428             1
    0.11111111111111    0.00000000000000   -0.28571428571428             1
    0.22222222222222    0.00000000000000   -0.28571428571428             1
    0.33333333333334    0.00000000000000   -0.28571428571428             1
    0.44444444444444    0.00000000000000   -0.28571428571428             1
   -0.44444444444444    0.00000000000000   -0.28571428571428             1
   -0.33333333333334    0.00000000000000   -0.28571428571428             1
   -0.22222222222222    0.00000000000000   -0.28571428571428             1
   -0.11111111111111    0.00000000000000   -0.28571428571428             1
    0.00000000000000    0.33333333333334   -0.28571428571428             1
    0.11111111111111    0.33333333333334   -0.28571428571428             1
    0.22222222222222    0.33333333333334   -0.28571428571428             1
    0.33333333333334    0.33333333333334   -0.28571428571428             1
    0.44444444444444    0.33333333333334   -0.28571428571428             1
   -0.44444444444444    0.33333333333334   -0.28571428571428             1
   -0.33333333333334    0.33333333333334   -0.28571428571428             1
   -0.22222222222222    0.33333333333334   -0.28571428571428             1
   -0.11111111111111    0.33333333333334   -0.28571428571428             1
    0.00000000000000   -0.33333333333334   -0.28571428571428             1
    0.11111111111111   -0.33333333333334   -0.28571428571428             1
    0.22222222222222   -0.33333333333334   -0.28571428571428             1
    0.33333333333334   -0.33333333333334   -0.28571428571428             1
    0.44444444444444   -0.33333333333334   -0.28571428571428             1
   -0.44444444444444   -0.33333333333334   -0.28571428571428             1
   -0.33333333333334   -0.33333333333334   -0.28571428571428             1
   -0.22222222222222   -0.33333333333334   -0.28571428571428             1
   -0.11111111111111   -0.33333333333334   -0.28571428571428             1
    0.00000000000000    0.00000000000000   -0.14285714285715             1
    0.11111111111111    0.00000000000000   -0.14285714285715             1
    0.22222222222222    0.00000000000000   -0.14285714285715             1
    0.33333333333334    0.00000000000000   -0.14285714285715             1
    0.44444444444444    0.00000000000000   -0.14285714285715             1
   -0.44444444444444    0.00000000000000   -0.14285714285715             1
   -0.33333333333334    0.00000000000000   -0.14285714285715             1
   -0.22222222222222    0.00000000000000   -0.14285714285715             1
   -0.11111111111111    0.00000000000000   -0.14285714285715             1
    0.00000000000000    0.33333333333334   -0.14285714285715             1
    0.11111111111111    0.33333333333334   -0.14285714285715             1
    0.22222222222222    0.33333333333334   -0.14285714285715             1
    0.33333333333334    0.33333333333334   -0.14285714285715             1
    0.44444444444444    0.33333333333334   -0.14285714285715             1
   -0.44444444444444    0.33333333333334   -0.14285714285715             1
   -0.33333333333334    0.33333333333334   -0.14285714285715             1
   -0.22222222222222    0.33333333333334   -0.14285714285715             1
   -0.11111111111111    0.33333333333334   -0.14285714285715             1
    0.00000000000000   -0.33333333333334   -0.14285714285715             1
    0.11111111111111   -0.33333333333334   -0.14285714285715             1
    0.22222222222222   -0.33333333333334   -0.14285714285715             1
    0.33333333333334   -0.33333333333334   -0.14285714285715             1
    0.44444444444444   -0.33333333333334   -0.14285714285715             1
   -0.44444444444444   -0.33333333333334   -0.14285714285715             1
   -0.33333333333334   -0.33333333333334   -0.14285714285715             1
   -0.22222222222222   -0.33333333333334   -0.14285714285715             1
   -0.11111111111111   -0.33333333333334   -0.14285714285715             1
Tetrahedra
      1134    0.00088183421517
         1        37        46        54        81
         1        37        45        54        81
         1        37        45        72        81
         1        37        46        73        81
         1        37        64        73        81
         1        37        64        72        81
         1        28        36        46        63
         1        36        46        54        63
         1        46        54        63        81
         1        28        46        55        63
         1        46        55        63        73
         1        46        63        73        81
         1        28        37        45        72
         1        28        36        45        72
         1        28        36        63        72
         1        28        37        64        72
         1        28        55        64        72
         1        28        55        63        72
         1        72        80        81       107
         1        71        72        80       107
         1        71        72        98       107
         1        72        81       107       108
         1        72        99       107       108
         1        72        98        99       107
         1        62        63        81        89
         1        62        80        81        89
         1        80        81        89       107
         1        63        81        89        90
         1        81        89        90       108
         1        81        89       107       108
         1        63        71        72        98
         1        62        63        71        98
         1        62        63        89        98
         1        63        72        98        99
         1        63        90        98        99
         1        63        89        90        98
         1        98       106       107       133
         1        97        98       106       133
         1        97        98       124       133
         1        98       107       133       134
         1        98       125       133       134
         1        98       124       125       133
         1        88        89       107       115
         1        88       106       107       115
         1       106       107       115       133
         1        89       107       115       116
         1       107       115       116       134
         1       107       115       133       134
         1        89        97        98       124
         1        88        89        97       124
         1        88        89       115       124
         1        89        98       124       125
         1        89       116       124       125
         1        89       115       116       124
         1       124       132       133       159
         1       123       124       132       159
         1       123       124       150       159
         1       124       133       159       160
         1       124       151       159       160
         1       124       150       151       159
         1       114       115       133       141
         1       114       132       133       141
         1       132       133       141       159
         1       115       133       141       142
         1       133       141       142       160
         1       133       141       159       160
         1       115       123       124       150
         1       114       115       123       150
         1       114       115       141       150
         1       115       124       150       151
         1       115       142       150       151
         1       115       141       142       150
         1       150       158       159       185
         1       149       150       158       185
         1       149       150       176       185
         1       150       159       185       186
         1       150       177       185       186
         1       150       176       177       185
         1       140       141       159       167
         1       140       158       159       167
         1       158       159       167       185
         1       141       159       167       168
         1       159       167       168       186
         1       159       167       185       186
         1       141       149       150       176
         1       140       141       149       176
         1       140       141       167       176
         1       141       150       176       177
         1       141       168       176       177
         1       141       167       168       176
         1        22       176       184       185
         1        22       175       176       184
         1        13        22       175       176
         1        22        23       176       185
         1        14        22        23       176
         1        13        14        22       176
         1         4       166       167       185
         1         4       166       184       185
         1         4        22       184       185
         1         4         5       167       185
         1         4         5        23       185
         1         4        22        23       185
         1        13       167       175       176
         1        13       166       167       175
         1         4        13       166       167
         1        13        14       167       176
         1         5        13        14       167
         1         4         5        13       167
         1        13        21        22        48
         1        12        13        21        48
         1        12        13        39        48
         1        13        22        48        49
         1        13        40        48        49
         1        13        39        40        48
         1         3         4        22        30
         1         3        21        22        30
         1        21        22        30        48
         1         4        22        30        31
         1        22        30        31        49
         1        22        30        48        49
         1         4        12        13        39
         1         3         4        12        39
         1         3         4        30        39
         1         4        13        39        40
         1         4        31        39        40
         1         4        30        31        39
         1        39        47        48        74
         1        38        39        47        74
         1        38        39        65        74
         1        39        48        74        75
         1        39        66        74        75
         1        39        65        66        74
         1        29        30        48        56
         1        29        47        48        56
         1        47        48        56        74
         1        30        48        56        57
         1        48        56        57        75
         1        48        56        74        75
         1        30        38        39        65
         1        29        30        38        65
         1        29        30        56        65
         1        30        39        65        66
         1        30        57        65        66
         1        30        56        57        65
         1        65        73        74       100
         1        64        65        73       100
         1        64        65        91       100
         1        65        74       100       101
         1        65        92       100       101
         1        65        91        92       100
         1        55        56        74        82
         1        55        73        74        82
         1        73        74        82       100
         1        56        74        82        83
         1        74        82        83       101
         1        74        82       100       101
         1        56        64        65        91
         1        55        56        64        91
         1        55        56        82        91
         1        56        65        91        92
         1        56        83        91        92
         1        56        82        83        91
         1        91       100       108       135
         1        91        99       108       135
         1        91        99       126       135
         1        91       100       127       135
         1        91       118       127       135
         1        91       118       126       135
         1        82        90       100       117
         1        90       100       108       117
         1       100       108       117       135
         1        82       100       109       117
         1       100       109       117       127
         1       100       117       127       135
         1        82        91        99       126
         1        82        90        99       126
         1        82        90       117       126
         1        82        91       118       126
         1        82       109       118       126
         1        82       109       117       126
         1       126       134       135       161
         1       125       126       134       161
         1       125       126       152       161
         1       126       135       161       162
         1       126       153       161       162
         1       126       152       153       161
         1       116       117       135       143
         1       116       134       135       143
         1       134       135       143       161
         1       117       135       143       144
         1       135       143       144       162
         1       135       143       161       162
         1       117       125       126       152
         1       116       117       125       152
         1       116       117       143       152
         1       117       126       152       153
         1       117       144       152       153
         1       117       143       144       152
         1       152       160       161       187
         1       151       152       160       187
         1       151       152       178       187
         1       152       161       187       188
         1       152       179       187       188
         1       152       178       179       187
         1       142       143       161       169
         1       142       160       161       169
         1       160       161       169       187
         1       143       161       169       170
         1       161       169       170       188
         1       161       169       187       188
         1       143       151       152       178
         1       142       143       151       178
         1       142       143       169       178
         1       143       152       178       179
         1       143       170       178       179
         1       143       169       170       178
         1        24       178       186       187
         1        24       177       178       186
         1        15        24       177       178
         1        24        25       178       187
         1        16        24        25       178
         1        15        16        24       178
         1         6       168       169       187
         1         6       168       186       187
         1         6        24       186       187
         1         6         7       169       187
         1         6         7        25       187
         1         6        24        25       187
         1        15       169       177       178
         1        15       168       169       177
         1         6        15       168       169
         1        15        16       169       178
         1         7        15        16       169
         1         6         7        15       169
         1        15        23        24        50
         1        14        15        23        50
         1        14        15        41        50
         1        15        24        50        51
         1        15        42        50        51
         1        15        41        42        50
         1         5         6        24        32
         1         5        23        24        32
         1        23        24        32        50
         1         6        24        32        33
         1        24        32        33        51
         1        24        32        50        51
         1         6        14        15        41
         1         5         6        14        41
         1         5         6        32        41
         1         6        15        41        42
         1         6        33        41        42
         1         6        32        33        41
         1        41        49        50        76
         1        40        41        49        76
         1        40        41        67        76
         1        41        50        76        77
         1        41        68        76        77
         1        41        67        68        76
         1        31        32        50        58
         1        31        49        50        58
         1        49        50        58        76
         1        32        50        58        59
         1        50        58        59        77
         1        50        58        76        77
         1        32        40        41        67
         1        31        32        40        67
         1        31        32        58        67
         1        32        41        67        68
         1        32        59        67        68
         1        32        58        59        67
         1        67        75        76       102
         1        66        67        75       102
         1        66        67        93       102
         1        67        76       102       103
         1        67        94       102       103
         1        67        93        94       102
         1        57        58        76        84
         1        57        75        76        84
         1        75        76        84       102
         1        58        76        84        85
         1        76        84        85       103
         1        76        84       102       103
         1        58        66        67        93
         1        57        58        66        93
         1        57        58        84        93
         1        58        67        93        94
         1        58        85        93        94
         1        58        84        85        93
         1        93       101       102       128
         1        92        93       101       128
         1        92        93       119       128
         1        93       102       128       129
         1        93       120       128       129
         1        93       119       120       128
         1        83        84       102       110
         1        83       101       102       110
         1       101       102       110       128
         1        84       102       110       111
         1       102       110       111       129
         1       102       110       128       129
         1        84        92        93       119
         1        83        84        92       119
         1        83        84       110       119
         1        84        93       119       120
         1        84       111       119       120
         1        84       110       111       119
         1       119       127       128       154
         1       118       119       127       154
         1       118       119       145       154
         1       119       128       154       155
         1       119       146       154       155
         1       119       145       146       154
         1       109       110       128       136
         1       109       127       128       136
         1       127       128       136       154
         1       110       128       136       137
         1       128       136       137       155
         1       128       136       154       155
         1       110       118       119       145
         1       109       110       118       145
         1       109       110       136       145
         1       110       119       145       146
         1       110       137       145       146
         1       110       136       137       145
         1       145       154       162       189
         1       145       153       162       189
         1       145       153       180       189
         1       145       154       181       189
         1       145       172       181       189
         1       145       172       180       189
         1       136       144       154       171
         1       144       154       162       171
         1       154       162       171       189
         1       136       154       163       171
         1       154       163       171       181
         1       154       171       181       189
         1       136       145       153       180
         1       136       144       153       180
         1       136       144       171       180
         1       136       145       172       180
         1       136       163       172       180
         1       136       163       171       180
         1        26       180       188       189
         1        26       179       180       188
         1        17        26       179       180
         1        26        27       180       189
         1        18        26        27       180
         1        17        18        26       180
         1         8       170       171       189
         1         8       170       188       189
         1         8        26       188       189
         1         8         9       171       189
         1         8         9        27       189
         1         8        26        27       189
         1        17       171       179       180
         1        17       170       171       179
         1         8        17       170       171
         1        17        18       171       180
         1         9        17        18       171
         1         8         9        17       171
         1        17        25        26        52
         1        16        17        25        52
         1        16        17        43        52
         1        17        26        52        53
         1        17        44        52        53
         1        17        43        44        52
         1         7         8        26        34
         1         7        25        26        34
         1        25        26        34        52
         1         8        26        34        35
         1        26        34        35        53
         1        26        34        52        53
         1         8        16        17        43
         1         7         8        16        43
         1         7         8        34        43
         1         8        17        43        44
         1         8        35        43        44
         1         8        34        35        43
         1        43        51        52        78
         1        42        43        51        78
         1        42        43        69        78
         1        43        52        78        79
         1        43        70        78        79
         1        43        69        70        78
         1        33        34        52        60
         1        33        51        52        60
         1        51        52        60        78
         1        34        52        60        61
         1        52        60        61        79
         1        52        60        78        79
         1        34        42        43        69
         1        33        34        42        69
         1        33        34        60        69
         1        34        43        69        70
         1        34        61        69        70
         1        34        60        61        69
         1        69        77        78       104
         1        68        69        77       104
         1        68        69        95       104
         1        69        78       104       105
         1        69        96       104       105
         1        69        95        96       104
         1        59        60        78        86
         1        59        77        78        86
         1        77        78        86       104
         1        60        78        86        87
         1        78        86        87       105
         1        78        86       104       105
         1        60        68        69        95
         1        59        60        68        95
         1        59        60        86        95
         1        60        69        95        96
         1        60        87        95        96
         1        60        86        87        95
         1        95       103       104       130
         1        94        95       103       130
         1        94        95       121       130
         1        95       104       130       131
         1        95       122       130       131
         1        95       121       122       130
         1        85        86       104       112
         1        85       103       104       112
         1       103       104       112       130
         1        86       104       112       113
         1       104       112       113       131
         1       104       112       130       131
         1        86        94        95       121
         1        85        86        94       121
         1        85        86       112       121
         1        86        95       121       122
         1        86       113       121       122
         1        86       112       113       121
         1       121       129       130       156
         1       120       121       129       156
         1       120       121       147       156
         1       121       130       156       157
         1       121       148       156       157
         1       121       147       148       156
         1       111       112       130       138
         1       111       129       130       138
         1       129       130       138       156
         1       112       130       138       139
         1       130       138       139       157
         1       130       138       156       157
         1       112       120       121       147
         1       111       112       120       147
         1       111       112       138       147
         1       112       121       147       148
         1       112       139       147       148
         1       112       138       139       147
         1       147       155       156       182
         1       146       147       155       182
         1       146       147       173       182
         1       147       156       182       183
         1       147       174       182       183
         1       147       173       174       182
         1       137       138       156       164
         1       137       155       156       164
         1       155       156       164       182
         1       138       156       164       165
         1       156       164       165       183
         1       156       164       182       183
         1       138       146       147       173
         1       137       138       146       173
         1       137       138       164       173
         1       138       147       173       174
         1       138       165       173       174
         1       138       164       165       173
         1        19       173       181       182
         1        19       172       173       181
         1        10        19       172       173
         1        19        20       173       182
         1        11        19        20       173
         1        10        11        19       173
         1         1       163       164       182
         1         1       163       181       182
         1         1        19       181       182
         1         1         2       164       182
         1         1         2        20       182
         1         1        19        20       182
         1        10       164       172       173
         1        10       163       164       172
         1         1        10       163       164
         1        10        11       164       173
         1         2        10        11       164
         1         1         2        10       164
         1        10        19        27        54
         1        10        18        27        54
         1        10        18        45        54
         1        10        19        46        54
         1        10        37        46        54
         1        10        37        45        54
         1         1         9        19        36
         1         9        19        27        36
         1        19        27        36        54
         1         1        19        28        36
         1        19        28        36        46
         1        19        36        46        54
         1         1        10        18        45
         1         1         9        18        45
         1         1         9        36        45
         1         1        10        37        45
         1         1        28        37        45
         1         1        28        36        45
         1        45        53        54        80
         1        44        45        53        80
         1        44        45        71        80
         1        45        54        80        81
         1        45        72        80        81
         1        45        71        72        80
         1        35        36        54        62
         1        35        53        54        62
         1        53        54        62        80
         1        36        54        62        63
         1        54        62        63        81
         1        54        62        80        81
         1        36        44        45        71
         1        35        36        44        71
         1        35        36        62        71
         1        36        45        71        72
         1        36        63        71        72
         1        36        62        63        71
         1        71        79        80       106
         1        70        71        79       106
         1        70        71        97       106
         1        71        80       106       107
         1        71        98       106       107
         1        71        97        98       106
         1        61        62        80        88
         1        61        79        80        88
         1        79        80        88       106
         1        62        80        88        89
         1        80        88        89       107
         1        80        88       106       107
         1        62        70        71        97
         1        61        62        70        97
         1        61        62        88        97
         1        62        71        97        98
         1        62        89        97        98
         1        62        88        89        97
         1        97       105       106       132
         1        96        97       105       132
         1        96        97       123       132
         1        97       106       132       133
         1        97       124       132       133
         1        97       123       124       132
         1        87        88       106       114
         1        87       105       106       114
         1       105       106       114       132
         1        88       106       114       115
         1       106       114       115       133
         1       106       114       132       133
         1        88        96        97       123
         1        87        88        96       123
         1        87        88       114       123
         1        88        97       123       124
         1        88       115       123       124
         1        88       114       115       123
         1       123       131       132       158
         1       122       123       131       158
         1       122       123       149       158
         1       123       132       158       159
         1       123       150       158       159
         1       123       149       150       158
         1       113       114       132       140
         1       113       131       132       140
         1       131       132       140       158
         1       114       132       140       141
         1       132       140       141       159
         1       132       140       158       159
         1       114       122       123       149
         1       113       114       122       149
         1       113       114       140       149
         1       114       123       149       150
         1       114       141       149       150
         1       114       140       141       149
         1       149       157       158       184
         1       148       149       157       184
         1       148       149       175       184
         1       149       158       184       185
         1       149       176       184       185
         1       149       175       176       184
         1       139       140       158       166
         1       139       157       158       166
         1       157       158       166       184
         1       140       158       166       167
         1       158       166       167       185
         1       158       166       184       185
         1       140       148       149       175
         1       139       140       148       175
         1       139       140       166       175
         1       140       149       175       176
         1       140       167       175       176
         1       140       166       167       175
         1        21       175       183       184
         1        21       174       175       183
         1        12        21       174       175
         1        21        22       175       184
         1        13        21        22       175
         1        12        13        21       175
         1         3       165       166       184
         1         3       165       183       184
         1         3        21       183       184
         1         3         4       166       184
         1         3         4        22       184
         1         3        21        22       184
         1        12       166       174       175
         1        12       165       166       174
         1         3        12       165       166
         1        12        13       166       175
         1         4        12        13       166
         1         3         4        12       166
         1        12        20        21        47
         1        11        12        20        47
         1        11        12        38        47
         1        12        21        47        48
         1        12        39        47        48
         1        12        38        39        47
         1         2         3        21        29
         1         2        20        21        29
         1        20        21        29        47
         1         3        21        29        30
         1        21        29        30        48
         1        21        29        47        48
         1         3        11        12        38
         1         2         3        11        38
         1         2         3        29        38
         1         3        12        38        39
         1         3        30        38        39
         1         3        29        30        38
         1        38        46        47        73
         1        37        38        46        73
         1        37        38        64        73
         1        38        47        73        74
         1        38        65        73        74
         1        38        64        65        73
         1        28        29        47        55
         1        28        46        47        55
         1        46        47        55        73
         1        29        47        55        56
         1        47        55        56        74
         1        47        55        73        74
         1        29        37        38        64
         1        28        29        37        64
         1        28        29        55        64
         1        29        38        64        65
         1        29        56        64        65
         1        29        55        56        64
         1        64        73        81       108
         1        64        72        81       108
         1        64        72        99       108
         1        64        73       100       108
         1        64        91       100       108
         1        64        91        99       108
         1        55        63        73        90
         1        63        73        81        90
         1        73        81        90       108
         1        55        73        82        90
         1        73        82        90       100
         1        73        90       100       108
         1        55        64        72        99
         1        55        63        72        99
         1        55        63        90        99
         1        55        64        91        99
         1        55        82        91        99
         1        55        82        90        99
         1        99       107       108       134
         1        98        99       107       134
         1        98        99       125       134
         1        99       108       134       135
         1        99       126       134       135
         1        99       125       126       134
         1        89        90       108       116
         1        89       107       108       116
         1       107       108       116       134
         1        90       108       116       117
         1       108       116       117       135
         1       108       116       134       135
         1        90        98        99       125
         1        89        90        98       125
         1        89        90       116       125
         1        90        99       125       126
         1        90       117       125       126
         1        90       116       117       125
         1       125       133       134       160
         1       124       125       133       160
         1       124       125       151       160
         1       125       134       160       161
         1       125       152       160       161
         1       125       151       152       160
         1       115       116       134       142
         1       115       133       134       142
         1       133       134       142       160
         1       116       134       142       143
         1       134       142       143       161
         1       134       142       160       161
         1       116       124       125       151
         1       115       116       124       151
         1       115       116       142       151
         1       116       125       151       152
         1       116       143       151       152
         1       116       142       143       151
         1       151       159       160       186
         1       150       151       159       186
         1       150       151       177       186
         1       151       160       186       187
         1       151       178       186       187
         1       151       177       178       186
         1       141       142       160       168
         1       141       159       160       168
         1       159       160       168       186
         1       142       160       168       169
         1       160       168       169       187
         1       160       168       186       187
         1       142       150       151       177
         1       141       142       150       177
         1       141       142       168       177
         1       142       151       177       178
         1       142       169       177       178
         1       142       168       169       177
         1        23       177       185       186
         1        23       176       177       185
         1        14        23       176       177
         1        23        24       177       186
         1        15        23        24       177
         1        14        15        23       177
         1         5       167       168       186
         1         5       167       185       186
         1         5        23       185       186
         1         5         6       168       186
         1         5         6        24       186
         1         5        23        24       186
         1        14       168       176       177
         1        14       167       168       176
         1         5        14       167       168
         1        14        15       168       177
         1         6        14        15       168
         1         5         6        14       168
         1        14        22        23        49
         1        13        14        22        49
         1        13        14        40        49
         1        14        23        49        50
         1        14        41        49        50
         1        14        40        41        49
         1         4         5        23        31
         1         4        22        23        31
         1        22        23        31        49
         1         5        23        31        32
         1        23        31        32        50
         1        23        31        49        50
         1         5        13        14        40
         1         4         5        13        40
         1         4         5        31        40
         1         5        14        40        41
         1         5        32        40        41
         1         5        31        32        40
         1        40        48        49        75
         1        39        40        48        75
         1        39        40        66        75
         1        40        49        75        76
         1        40        67        75        76
         1        40        66        67        75
         1        30        31        49        57
         1        30        48        49        57
         1        48        49        57        75
         1        31        49        57        58
         1        49        57        58        76
         1        49        57        75        76
         1        31        39        40        66
         1        30        31        39        66
         1        30        31        57        66
         1        31        40        66        67
         1        31        58        66        67
         1        31        57        58        66
         1        66        74        75       101
         1        65        66        74       101
         1        65        66        92       101
         1        66        75       101       102
         1        66        93       101       102
         1        66        92        93       101
         1        56        57        75        83
         1        56        74        75        83
         1        74        75        83       101
         1        57        75        83        84
         1        75        83        84       102
         1        75        83       101       102
         1        57        65        66        92
         1        56        57        65        92
         1        56        57        83        92
         1        57        66        92        93
         1        57        84        92        93
         1        57        83        84        92
         1        92       100       101       127
         1        91        92       100       127
         1        91        92       118       127
         1        92       101       127       128
         1        92       119       127       128
         1        92       118       119       127
         1        82        83       101       109
         1        82       100       101       109
         1       100       101       109       127
         1        83       101       109       110
         1       101       109       110       128
         1       101       109       127       128
         1        83        91        92       118
         1        82        83        91       118
         1        82        83       109       118
         1        83        92       118       119
         1        83       110       118       119
         1        83       109       110       118
         1       118       127       135       162
         1       118       126       135       162
         1       118       126       153       162
         1       118       127       154       162
         1       118       145       154       162
         1       118       145       153       162
         1       109       117       127       144
         1       117       127       135       144
         1       127       135       144       162
         1       109       127       136       144
         1       127       136       144       154
         1       127       144       154       162
         1       109       118       126       153
         1       109       117       126       153
         1       109       117       144       153
         1       109       118       145       153
         1       109       136       145       153
         1       109       136       144       153
         1       153       161       162       188
         1       152       153       161       188
         1       152       153       179       188
         1       153       162       188       189
         1       153       180       188       189
         1       153       179       180       188
         1       143       144       162       170
         1       143       161       162       170
         1       161       162       170       188
         1       144       162       170       171
         1       162       170       171       189
         1       162       170       188       189
         1       144       152       153       179
         1       143       144       152       179
         1       143       144       170       179
         1       144       153       179       180
         1       144       171       179       180
         1       144       170       171       179
         1        25       179       187       188
         1        25       178       179       187
         1        16        25       178       179
         1        25        26       179       188
         1        17        25        26       179
         1        16        17        25       179
         1         7       169       170       188
         1         7       169       187       188
         1         7        25       187       188
         1         7         8       170       188
         1         7         8        26       188
         1         7        25        26       188
         1        16       170       178       179
         1        16       169       170       178
         1         7        16       169       170
         1        16        17       170       179
         1         8        16        17       170
         1         7         8        16       170
         1        16        24        25        51
         1        15        16        24        51
         1        15        16        42        51
         1        16        25        51        52
         1        16        43        51        52
         1        16        42        43        51
         1         6         7        25        33
         1         6        24        25        33
         1        24        25        33        51
         1         7        25        33        34
         1        25        33        34        52
         1        25        33        51        52
         1         7        15        16        42
         1         6         7        15        42
         1         6         7        33        42
         1         7        16        42        43
         1         7        34        42        43
         1         7        33        34        42
         1        42        50        51        77
         1        41        42        50        77
         1        41        42        68        77
         1        42        51        77        78
         1        42        69        77        78
         1        42        68        69        77
         1        32        33        51        59
         1        32        50        51        59
         1        50        51        59        77
         1        33        51        59        60
         1        51        59        60        78
         1        51        59        77        78
         1        33        41        42        68
         1        32        33        41        68
         1        32        33        59        68
         1        33        42        68        69
         1        33        60        68        69
         1        33        59        60        68
         1        68        76        77       103
         1        67        68        76       103
         1        67        68        94       103
         1        68        77       103       104
         1        68        95       103       104
         1        68        94        95       103
         1        58        59        77        85
         1        58        76        77        85
         1        76        77        85       103
         1        59        77        85        86
         1        77        85        86       104
         1        77        85       103       104
         1        59        67        68        94
         1        58        59        67        94
         1        58        59        85        94
         1        59        68        94        95
         1        59        86        94        95
         1        59        85        86        94
         1        94       102       103       129
         1        93        94       102       129
         1        93        94       120       129
         1        94       103       129       130
         1        94       121       129       130
         1        94       120       121       129
         1        84        85       103       111
         1        84       102       103       111
         1       102       103       111       129
         1        85       103       111       112
         1       103       111       112       130
         1       103       111       129       130
         1        85        93        94       120
         1        84        85        93       120
         1        84        85       111       120
         1        85        94       120       121
         1        85       112       120       121
         1        85       111       112       120
         1       120       128       129       155
         1       119       120       128       155
         1       119       120       146       155
         1       120       129       155       156
         1       120       147       155       156
         1       120       146       147       155
         1       110       111       129       137
         1       110       128       129       137
         1       128       129       137       155
         1       111       129       137       138
         1       129       137       138       156
         1       129       137       155       156
         1       111       119       120       146
         1       110       111       119       146
         1       110       111       137       146
         1       111       120       146       147
         1       111       138       146       147
         1       111       137       138       146
         1       146       154       155       181
         1       145       146       154       181
         1       145       146       172       181
         1       146       155       181       182
         1       146       173       181       182
         1       146       172       173       181
         1       136       137       155       163
         1       136       154       155       163
         1       154       155       163       181
         1       137       155       163       164
         1       155       163       164       182
         1       155       163       181       182
         1       137       145       146       172
         1       136       137       145       172
         1       136       137       163       172
         1       137       146       172       173
         1       137       164       172       173
         1       137       163       164       172
         1        27       172       181       189
         1        27       172       180       189
         1        18        27       172       180
         1        19        27       172       181
         1        10        19        27       172
         1        10        18        27       172
         1         9       163       171       181
         1         9       171       181       189
         1         9        27       181       189
         1         1         9       163       181
         1         1         9        19       181
         1         9        19        27       181
         1        18       163       172       180
         1        18       163       171       180
         1         9        18       163       171
         1        10        18       163       172
         1         1        10        18       163
         1         1         9        18       163
         1        18        26        27        53
         1        17        18        26        53
         1        17        18        44        53
         1        18        27        53        54
         1        18        45        53        54
         1        18        44        45        53
         1         8         9        27        35
         1         8        26        27        35
         1        26        27        35        53
         1         9        27        35        36
         1        27        35        36        54
         1        27        35        53        54
         1         9        17        18        44
         1         8         9        17        44
         1         8         9        35        44
         1         9        18        44        45
         1         9        36        44        45
         1         9        35        36        44
         1        44        52        53        79
         1        43        44        52        79
         1        43        44        70        79
         1        44        53        79        80
         1        44        71        79        80
         1        44        70        71        79
         1        34        35        53        61
         1        34        52        53        61
         1        52        53        61        79
         1        35        53        61        62
         1        53        61        62        80
         1        53        61        79        80
         1        35        43        44        70
         1        34        35        43        70
         1        34        35        61        70
         1        35        44        70        71
         1        35        62        70        71
         1        35        61        62        70
         1        70        78        79       105
         1        69        70        78       105
         1        69        70        96       105
         1        70        79       105       106
         1        70        97       105       106
         1        70        96        97       105
         1        60        61        79        87
         1        60        78        79        87
         1        78        79        87       105
         1        61        79        87        88
         1        79        87        88       106
         1        79        87       105       106
         1        61        69        70        96
         1        60        61        69        96
         1        60        61        87        96
         1        61        70        96        97
         1        61        88        96        97
         1        61        87        88        96
         1        96       104       105       131
         1        95        96       104       131
         1        95        96       122       131
         1        96       105       131       132
         1        96       123       131       132
         1        96       122       123       131
         1        86        87       105       113
         1        86       104       105       113
         1       104       105       113       131
         1        87       105       113       114
         1       105       113       114       132
         1       105       113       131       132
         1        87        95        96       122
         1        86        87        95       122
         1        86        87       113       122
         1        87        96       122       123
         1        87       114       122       123
         1        87       113       114       122
         1       122       130       131       157
         1       121       122       130       157
         1       121       122       148       157
         1       122       131       157       158
         1       122       149       157       158
         1       122       148       149       157
         1       112       113       131       139
         1       112       130       131       139
         1       130       131       139       157
         1       113       131       139       140
         1       131       139       140       158
         1       131       139       157       158
         1       113       121       122       148
         1       112       113       121       148
         1       112       113       139       148
         1       113       122       148       149
         1       113       140       148       149
         1       113       139       140       148
         1       148       156       157       183
         1       147       148       156       183
         1       147       148       174       183
         1       148       157       183       184
         1       148       175       183       184
         1       148       174       175       183
         1       138       139       157       165
         1       138       156       157       165
         1       156       157       165       183
         1       139       157       165       166
         1       157       165       166       184
         1       157       165       183       184
         1       139       147       148       174
         1       138       139       147       174
         1       138       139       165       174
         1       139       148       174       175
         1       139       166       174       175
         1       139       165       166       174
         1        20       174       182       183
         1        20       173       174       182
         1        11        20       173       174
         1        20        21       174       183
         1        12        20        21       174
         1        11        12        20       174
         1         2       164       165       183
         1         2       164       182       183
         1         2        20       182       183
         1         2         3       165       183
         1         2         3        21       183
         1         2        20        21       183
         1        11       165       173       174
         1        11       164       165       173
         1         2        11       164       165
         1        11        12       165       174
         1         3        11        12       165
         1         2         3        11       165
         1        11        19        20        46
         1        10        11        19        46
         1        10        11        37        46
         1        11        20        46        47
         1        11        38        46        47
         1        11        37        38        46
         1         1         2        20        28
         1         1        19        20        28
         1        19        20        28        46
         1         2        20        28        29
         1        20        28        29        47
         1        20        28        46        47
         1         2        10        11        37
         1         1         2        10        37
         1         1         2        28        37
         1         2        11        37        38
         1         2        29        37        38
         1         2        28        29        37
