Automatically generated mesh
     144
Reciprocal lattice
    0.08333333333334    0.08333333333334    0.12500000000000             1
    0.25000000000000    0.08333333333334    0.12500000000000             1
    0.41666666666666    0.08333333333334    0.12500000000000             1
   -0.41666666666666    0.08333333333334    0.12500000000000             1
   -0.25000000000000    0.08333333333334    0.12500000000000             1
   -0.08333333333334    0.08333333333334    0.12500000000000             1
    0.08333333333334    0.25000000000000    0.12500000000000             1
    0.25000000000000    0.25000000000000    0.12500000000000             1
    0.41666666666666    0.25000000000000    0.12500000000000             1
   -0.41666666666666    0.25000000000000    0.12500000000000             1
   -0.25000000000000    0.25000000000000    0.12500000000000             1
   -0.08333333333334    0.25000000000000    0.12500000000000             1
    0.08333333333334    0.41666666666666    0.12500000000000             1
    0.25000000000000    0.41666666666666    0.12500000000000             1
    0.41666666666666    0.41666666666666    0.12500000000000             1
   -0.41666666666666    0.41666666666666    0.12500000000000             1
   -0.25000000000000    0.41666666666666    0.12500000000000             1
   -0.08333333333334    0.41666666666666    0.12500000000000             1
    0.08333333333334   -0.41666666666666    0.12500000000000             1
    0.25000000000000   -0.41666666666666    0.12500000000000             1
    0.41666666666666   -0.41666666666666    0.12500000000000             1
   -0.41666666666666   -0.41666666666666    0.12500000000000             1
   -0.25000000000000   -0.41666666666666    0.12500000000000             1
   -0.08333333333334   -0.41666666666666    0.12500000000000             1
    0.08333333333334   -0.25000000000000    0.12500000000000             1
    0.25000000000000   -0.25000000000000    0.12500000000000             1
    0.41666666666666   -0.25000000000000    0.12500000000000             1
   -0.41666666666666   -0.25000000000000    0.12500000000000             1
   -0.25000000000000   -0.25000000000000    0.12500000000000             1
   -0.08333333333334   -0.25000000000000    0.12500000000000             1
    0.08333333333334   -0.08333333333334    0.12500000000000             1
    0.25000000000000   -0.08333333333334    0.12500000000000             1
    0.41666666666666   -0.08333333333334    0.12500000000000             1
   -0.41666666666666   -0.08333333333334    0.12500000000000             1
   -0.25000000000000   -0.08333333333334    0.12500000000000             1
   -0.08333333333334   -0.08333333333334    0.12500000000000             1
    0.08333333333334    0.08333333333334    0.37500000000000             1
    0.25000000000000    0.08333333333334    0.37500000000000             1
    0.41666666666666    0.08333333333334    0.37500000000000             1
   -0.41666666666666    0.08333333333334    0.37500000000000             1
   -0.25000000000000    0.08333333333334    0.37500000000000             1
   -0.08333333333334    0.08333333333334    0.37500000000000             1
    0.08333333333334    0.25000000000000    0.37500000000000             1
    0.25000000000000    0.25000000000000    0.37500000000000             1
    0.41666666666666    0.25000000000000    0.37500000000000             1
   -0.41666666666666    0.25000000000000    0.37500000000000             1
   -0.25000000000000    0.25000000000000    0.37500000000000             1
   -0.08333333333334    0.25000000000000    0.37500000000000             1
    0.08333333333334    0.41666666666666    0.37500000000000             1
    0.25000000000000    0.41666666666666    0.37500000000000             1
    0.41666666666666    0.41666666666666    0.37500000000000             1
   -0.41666666666666    0.41666666666666    0.37500000000000             1
   -0.25000000000000    0.41666666666666    0.37500000000000             1
   -0.08333333333334    0.41666666666666    0.37500000000000             1
    0.08333333333334   -0.41666666666666    0.37500000000000             1
    0.25000000000000   -0.41666666666666    0.37500000000000             1
    0.41666666666666   -0.41666666666666    0.37500000000000             1
   -0.41666666666666   -0.41666666666666    0.37500000000000             1
   -0.25000000000000   -0.41666666666666    0.37500000000000             1
   -0.08333333333334   -0.41666666666666    0.37500000000000             1
    0.08333333333334   -0.25000000000000    0.37500000000000             1
    0.25000000000000   -0.25000000000000    0.37500000000000             1
    0.41666666666666   -0.25000000000000    0.37500000000000             1
   -0.41666666666666   -0.25000000000000    0.37500000000000             1
   -0.25000000000000   -0.25000000000000    0.37500000000000             1
   -0.08333333333334   -0.25000000000000    0.37500000000000             1
    0.08333333333334   -0.08333333333334    0.37500000000000             1
    0.25000000000000   -0.08333333333334    0.37500000000000             1
    0.41666666666666   -0.08333333333334    0.37500000000000             1
   -0.41666666666666   -0.08333333333334    0.37500000000000             1
   -0.25000000000000   -0.08333333333334    0.37500000000000             1
   -0.08333333333334   -0.08333333333334    0.37500000000000             1
    0.08333333333334    0.08333333333334   -0.37500000000000             1
    0.25000000000000    0.08333333333334   -0.37500000000000             1
    0.41666666666666    0.08333333333334   -0.37500000000000             1
   -0.41666666666666    0.08333333333334   -0.37500000000000             1
   -0.25000000000000    0.08333333333334   -0.37500000000000             1
   -0.08333333333334    0.08333333333334   -0.37500000000000             1
    0.08333333333334    0.25000000000000   -0.37500000000000             1
    0.25000000000000    0.25000000000000   -0.37500000000000             1
    0.41666666666666    0.25000000000000   -0.37500000000000             1
   -0.41666666666666    0.25000000000000   -0.37500000000000             1
   -0.25000000000000    0.25000000000000   -0.37500000000000             1
   -0.08333333333334    0.25000000000000   -0.37500000000000             1
    0.08333333333334    0.41666666666666   -0.37500000000000             1
    0.25000000000000    0.41666666666666   -0.37500000000000             1
    0.41666666666666    0.41666666666666   -0.37500000000000             1
   -0.41666666666666    0.41666666666666   -0.37500000000000             1
   -0.25000000000000    0.41666666666666   -0.37500000000000             1
   -0.08333333333334    0.41666666666666   -0.37500000000000             1
    0.08333333333334   -0.41666666666666   -0.37500000000000             1
    0.25000000000000   -0.41666666666666   -0.37500000000000             1
    0.41666666666666   -0.41666666666666   -0.37500000000000             1
   -0.41666666666666   -0.41666666666666   -0.37500000000000             1
   -0.25000000000000   -0.41666666666666   -0.37500000000000             1
   -0.08333333333334   -0.41666666666666   -0.37500000000000             1
    0.08333333333334   -0.25000000000000   -0.37500000000000             1
    0.25000000000000   -0.25000000000000   -0.37500000000000             1
    0.41666666666666   -0.25000000000000   -0.37500000000000             1
   -0.41666666666666   -0.25000000000000   -0.37500000000000             1
   -0.25000000000000   -0.25000000000000   -0.37500000000000             1
   -0.08333333333334   -0.25000000000000   -0.37500000000000             1
    0.08333333333334   -0.08333333333334   -0.37500000000000             1
    0.25000000000000   -0.08333333333334   -0.37500000000000             1
    0.41666666666666   -0.08333333333334   -0.37500000000000             1
   -0.41666666666666   -0.08333333333334   -0.37500000000000             1
   -0.25000000000000   -0.08333333333334   -0.37500000000000             1
   -0.08333333333334   -0.08333333333334   -0.37500000000000             1
    0.08333333333334    0.08333333333334   -0.12500000000000             1
    0.25000000000000    0.08333333333334   -0.12500000000000             1
    0.41666666666666    0.08333333333334   -0.12500000000000             1
   -0.41666666666666    0.08333333333334   -0.12500000000000             1
   -0.25000000000000    0.08333333333334   -0.12500000000000             1
   -0.08333333333334    0.08333333333334   -0.12500000000000             1
    0.08333333333334    0.25000000000000   -0.12500000000000             1
    0.25000000000000    0.25000000000000   -0.12500000000000             1
    0.41666666666666    0.25000000000000   -0.12500000000000             1
   -0.41666666666666    0.25000000000000   -0.12500000000000             1
   -0.25000000000000    0.25000000000000   -0.12500000000000             1
   -0.08333333333334    0.25000000000000   -0.12500000000000             1
    0.08333333333334    0.41666666666666   -0.12500000000000             1
    0.25000000000000    0.41666666666666   -0.12500000000000             1
    0.41666666666666    0.41666666666666   -0.12500000000000             1
   -0.41666666666666    0.41666666666666   -0.12500000000000             1
   -0.25000000000000    0.41666666666666   -0.12500000000000             1
   -0.08333333333334    0.41666666666666   -0.12500000000000             1
    0.08333333333334   -0.41666666666666   -0.12500000000000             1
    0.25000000000000   -0.41666666666666   -0.12500000000000             1
    0.41666666666666   -0.41666666666666   -0.12500000000000             1
   -0.41666666666666   -0.41666666666666   -0.12500000000000             1
   -0.25000000000000   -0.41666666666666   -0.12500000000000             1
   -0.08333333333334   -0.41666666666666   -0.12500000000000             1
    0.08333333333334   -0.25000000000000   -0.12500000000000             1
    0.25000000000000   -0.25000000000000   -0.12500000000000             1
    0.41666666666666   -0.25000000000000   -0.12500000000000             1
   -0.41666666666666   -0.25000000000000   -0.12500000000000             1
   -0.25000000000000   -0.25000000000000   -0.12500000000000             1
   -0.08333333333334   -0.25000000000000   -0.12500000000000             1
    0.08333333333334   -0.08333333333334   -0.12500000000000             1
    0.25000000000000   -0.08333333333334   -0.12500000000000             1
    0.41666666666666   -0.08333333333334   -0.12500000000000             1
   -0.41666666666666   -0.08333333333334   -0.12500000000000             1
   -0.25000000000000   -0.08333333333334   -0.12500000000000             1
   -0.08333333333334   -0.08333333333334   -0.12500000000000             1
