Automatically generated mesh
      48
Reciprocal lattice
    0.00000000000000    0.00000000000000    0.00000000000000             1
    0.25000000000000    0.00000000000000    0.00000000000000             1
    0.50000000000000    0.00000000000000    0.00000000000000             1
   -0.25000000000000    0.00000000000000    0.00000000000000             1
    0.00000000000000    0.25000000000000    0.00000000000000             1
    0.25000000000000    0.25000000000000    0.00000000000000             1
    0.50000000000000    0.25000000000000    0.00000000000000             1
   -0.25000000000000    0.25000000000000    0.00000000000000             1
    0.00000000000000    0.50000000000000    0.00000000000000             1
    0.25000000000000    0.50000000000000    0.00000000000000             1
    0.50000000000000    0.50000000000000    0.00000000000000             1
   -0.25000000000000    0.50000000000000    0.00000000000000             1
    0.00000000000000   -0.25000000000000    0.00000000000000             1
    0.25000000000000   -0.25000000000000    0.00000000000000             1
    0.50000000000000   -0.25000000000000    0.00000000000000             1
   -0.25000000000000   -0.25000000000000    0.00000000000000             1
    0.00000000000000    0.00000000000000    0.33333333333334             1
    0.25000000000000    0.00000000000000    0.33333333333334             1
    0.50000000000000    0.00000000000000    0.33333333333334             1
   -0.25000000000000    0.00000000000000    0.33333333333334             1
    0.00000000000000    0.25000000000000    0.33333333333334             1
    0.25000000000000    0.25000000000000    0.33333333333334             1
    0.50000000000000    0.25000000000000    0.33333333333334             1
   -0.25000000000000    0.25000000000000    0.33333333333334             1
    0.00000000000000    0.50000000000000    0.33333333333334             1
    0.25000000000000    0.50000000000000    0.33333333333334             1
    0.50000000000000    0.50000000000000    0.33333333333334             1
   -0.25000000000000    0.50000000000000    0.33333333333334             1
    0.00000000000000   -0.25000000000000    0.33333333333334             1
    0.25000000000000   -0.25000000000000    0.33333333333334             1
    0.50000000000000   -0.25000000000000    0.33333333333334             1
   -0.25000000000000   -0.25000000000000    0.33333333333334             1
    0.00000000000000    0.00000000000000   -0.33333333333334             1
    0.25000000000000    0.00000000000000   -0.33333333333334             1
    0.50000000000000    0.00000000000000   -0.33333333333334             1
   -0.25000000000000    0.00000000000000   -0.33333333333334             1
    0.00000000000000    0.25000000000000   -0.33333333333334             1
    0.25000000000000    0.25000000000000   -0.33333333333334             1
    0.50000000000000    0.25000000000000   -0.33333333333334             1
   -0.25000000000000    0.25000000000000   -0.33333333333334             1
    0.00000000000000    0.50000000000000   -0.33333333333334             1
    0.25000000000000    0.50000000000000   -0.33333333333334             1
    0.50000000000000    0.50000000000000   -0.33333333333334             1
   -0.25000000000000    0.50000000000000   -0.33333333333334             1
    0.00000000000000   -0.25000000000000   -0.33333333333334             1
    0.25000000000000   -0.25000000000000   -0.33333333333334             1
    0.50000000000000   -0.25000000000000   -0.33333333333334             1
   -0.25000000000000   -0.25000000000000   -0.33333333333334             1
