Automatically generated mesh
      20
Reciprocal lattice
    0.00000000000000    0.00000000000000    0.00000000000000             1
    0.50000000000000   -0.00000000000000    0.00000000000000             1
   -0.00000000000000    0.50000000000000    0.00000000000000             1
    0.50000000000000    0.50000000000000    0.00000000000000             1
    0.00000000000000    0.00000000000000    0.20000000000000             1
    0.50000000000000   -0.00000000000000    0.20000000000000             1
   -0.00000000000000    0.50000000000000    0.20000000000000             1
    0.50000000000000    0.50000000000000    0.20000000000000             1
    0.00000000000000    0.00000000000000    0.40000000000000             1
    0.50000000000000   -0.00000000000000    0.40000000000000             1
   -0.00000000000000    0.50000000000000    0.40000000000000             1
    0.50000000000000    0.50000000000000    0.40000000000000             1
    0.00000000000000    0.00000000000000   -0.40000000000000             1
    0.50000000000000   -0.00000000000000   -0.40000000000000             1
   -0.00000000000000    0.50000000000000   -0.40000000000000             1
    0.50000000000000    0.50000000000000   -0.40000000000000             1
    0.00000000000000    0.00000000000000   -0.20000000000000             1
    0.50000000000000   -0.00000000000000   -0.20000000000000             1
   -0.00000000000000    0.50000000000000   -0.20000000000000             1
    0.50000000000000    0.50000000000000   -0.20000000000000             1
