Automatically generated mesh
     240
Reciprocal lattice
    0.00000000000000    0.00000000000000    0.00000000000000             1
    0.12500000000000    0.00000000000000    0.00000000000000             1
    0.25000000000000    0.00000000000000    0.00000000000000             1
    0.37500000000000    0.00000000000000    0.00000000000000             1
    0.50000000000000    0.00000000000000    0.00000000000000             1
   -0.37500000000000    0.00000000000000    0.00000000000000             1
   -0.25000000000000    0.00000000000000    0.00000000000000             1
   -0.12500000000000    0.00000000000000    0.00000000000000             1
    0.00000000000000    0.16666666666666    0.00000000000000             1
    0.12500000000000    0.16666666666666    0.00000000000000             1
    0.25000000000000    0.16666666666666    0.00000000000000             1
    0.37500000000000    0.16666666666666    0.00000000000000             1
    0.50000000000000    0.16666666666666    0.00000000000000             1
   -0.37500000000000    0.16666666666666    0.00000000000000             1
   -0.25000000000000    0.16666666666666    0.00000000000000             1
   -0.12500000000000    0.16666666666666    0.00000000000000             1
    0.00000000000000    0.33333333333334    0.00000000000000             1
    0.12500000000000    0.33333333333334    0.00000000000000             1
    0.25000000000000    0.33333333333334    0.00000000000000             1
    0.37500000000000    0.33333333333334    0.00000000000000             1
    0.50000000000000    0.33333333333334    0.00000000000000             1
   -0.37500000000000    0.33333333333334    0.00000000000000             1
   -0.25000000000000    0.33333333333334    0.00000000000000             1
   -0.12500000000000    0.33333333333334    0.00000000000000             1
    0.00000000000000    0.50000000000000    0.00000000000000             1
    0.12500000000000    0.50000000000000    0.00000000000000             1
    0.25000000000000    0.50000000000000    0.00000000000000             1
    0.37500000000000    0.50000000000000    0.00000000000000             1
    0.50000000000000    0.50000000000000    0.00000000000000             1
   -0.37500000000000    0.50000000000000    0.00000000000000             1
   -0.25000000000000    0.50000000000000    0.00000000000000             1
   -0.12500000000000    0.50000000000000    0.00000000000000             1
    0.00000000000000   -0.33333333333334    0.00000000000000             1
    0.12500000000000   -0.33333333333334    0.00000000000000             1
    0.25000000000000   -0.33333333333334    0.00000000000000             1
    0.37500000000000   -0.33333333333334    0.00000000000000             1
    0.50000000000000   -0.33333333333334    0.00000000000000             1
   -0.37500000000000   -0.33333333333334    0.00000000000000             1
   -0.25000000000000   -0.33333333333334    0.00000000000000             1
   -0.12500000000000   -0.33333333333334    0.00000000000000             1
    0.00000000000000   -0.16666666666666    0.00000000000000             1
    0.12500000000000   -0.16666666666666    0.00000000000000             1
    0.25000000000000   -0.16666666666666    0.00000000000000             1
    0.37500000000000   -0.16666666666666    0.00000000000000             1
    0.50000000000000   -0.16666666666666    0.00000000000000             1
   -0.37500000000000   -0.16666666666666    0.00000000000000             1
   -0.25000000000000   -0.16666666666666    0.00000000000000             1
   -0.12500000000000   -0.16666666666666    0.00000000000000             1
    0.00000000000000    0.00000000000000    0.20000000000000             1
    0.12500000000000    0.00000000000000    0.20000000000000             1
    0.25000000000000    0.00000000000000    0.20000000000000             1
    0.37500000000000    0.00000000000000    0.20000000000000             1
    0.50000000000000    0.00000000000000    0.20000000000000             1
   -0.37500000000000    0.00000000000000    0.20000000000000             1
   -0.25000000000000    0.00000000000000    0.20000000000000             1
   -0.12500000000000    0.00000000000000    0.20000000000000             1
    0.00000000000000    0.16666666666666    0.20000000000000             1
    0.12500000000000    0.16666666666666    0.20000000000000             1
    0.25000000000000    0.16666666666666    0.20000000000000             1
    0.37500000000000    0.16666666666666    0.20000000000000             1
    0.50000000000000    0.16666666666666    0.20000000000000             1
   -0.37500000000000    0.16666666666666    0.20000000000000             1
   -0.25000000000000    0.16666666666666    0.20000000000000             1
   -0.12500000000000    0.16666666666666    0.20000000000000             1
    0.00000000000000    0.33333333333334    0.20000000000000             1
    0.12500000000000    0.33333333333334    0.20000000000000             1
    0.25000000000000    0.33333333333334    0.20000000000000             1
    0.37500000000000    0.33333333333334    0.20000000000000             1
    0.50000000000000    0.33333333333334    0.20000000000000             1
   -0.37500000000000    0.33333333333334    0.20000000000000             1
   -0.25000000000000    0.33333333333334    0.20000000000000             1
   -0.12500000000000    0.33333333333334    0.20000000000000             1
    0.00000000000000    0.50000000000000    0.20000000000000             1
    0.12500000000000    0.50000000000000    0.20000000000000             1
    0.25000000000000    0.50000000000000    0.20000000000000             1
    0.37500000000000    0.50000000000000    0.20000000000000             1
    0.50000000000000    0.50000000000000    0.20000000000000             1
   -0.37500000000000    0.50000000000000    0.20000000000000             1
   -0.25000000000000    0.50000000000000    0.20000000000000             1
   -0.12500000000000    0.50000000000000    0.20000000000000             1
    0.00000000000000   -0.33333333333334    0.20000000000000             1
    0.12500000000000   -0.33333333333334    0.20000000000000             1
    0.25000000000000   -0.33333333333334    0.20000000000000             1
    0.37500000000000   -0.33333333333334    0.20000000000000             1
    0.50000000000000   -0.33333333333334    0.20000000000000             1
   -0.37500000000000   -0.33333333333334    0.20000000000000             1
   -0.25000000000000   -0.33333333333334    0.20000000000000             1
   -0.12500000000000   -0.33333333333334    0.20000000000000             1
    0.00000000000000   -0.16666666666666    0.20000000000000             1
    0.12500000000000   -0.16666666666666    0.20000000000000             1
    0.25000000000000   -0.16666666666666    0.20000000000000             1
    0.37500000000000   -0.16666666666666    0.20000000000000             1
    0.50000000000000   -0.16666666666666    0.20000000000000             1
   -0.37500000000000   -0.16666666666666    0.20000000000000             1
   -0.25000000000000   -0.16666666666666    0.20000000000000             1
   -0.12500000000000   -0.16666666666666    0.20000000000000             1
    0.00000000000000    0.00000000000000    0.40000000000000             1
    0.12500000000000    0.00000000000000    0.40000000000000             1
    0.25000000000000    0.00000000000000    0.40000000000000             1
    0.37500000000000    0.00000000000000    0.40000000000000             1
    0.50000000000000    0.00000000000000    0.40000000000000             1
   -0.37500000000000    0.00000000000000    0.40000000000000             1
   -0.25000000000000    0.00000000000000    0.40000000000000             1
   -0.12500000000000    0.00000000000000    0.40000000000000             1
    0.00000000000000    0.16666666666666    0.40000000000000             1
    0.12500000000000    0.16666666666666    0.40000000000000             1
    0.25000000000000    0.16666666666666    0.40000000000000             1
    0.37500000000000    0.16666666666666    0.40000000000000             1
    0.50000000000000    0.16666666666666    0.40000000000000             1
   -0.37500000000000    0.16666666666666    0.40000000000000             1
   -0.25000000000000    0.16666666666666    0.40000000000000             1
   -0.12500000000000    0.16666666666666    0.40000000000000             1
    0.00000000000000    0.33333333333334    0.40000000000000             1
    0.12500000000000    0.33333333333334    0.40000000000000             1
    0.25000000000000    0.33333333333334    0.40000000000000             1
    0.37500000000000    0.33333333333334    0.40000000000000             1
    0.50000000000000    0.33333333333334    0.40000000000000             1
   -0.37500000000000    0.33333333333334    0.40000000000000             1
   -0.25000000000000    0.33333333333334    0.40000000000000             1
   -0.12500000000000    0.33333333333334    0.40000000000000             1
    0.00000000000000    0.50000000000000    0.40000000000000             1
    0.12500000000000    0.50000000000000    0.40000000000000             1
    0.25000000000000    0.50000000000000    0.40000000000000             1
    0.37500000000000    0.50000000000000    0.40000000000000             1
    0.50000000000000    0.50000000000000    0.40000000000000             1
   -0.37500000000000    0.50000000000000    0.40000000000000             1
   -0.25000000000000    0.50000000000000    0.40000000000000             1
   -0.12500000000000    0.50000000000000    0.40000000000000             1
    0.00000000000000   -0.33333333333334    0.40000000000000             1
    0.12500000000000   -0.33333333333334    0.40000000000000             1
    0.25000000000000   -0.33333333333334    0.40000000000000             1
    0.37500000000000   -0.33333333333334    0.40000000000000             1
    0.50000000000000   -0.33333333333334    0.40000000000000             1
   -0.37500000000000   -0.33333333333334    0.40000000000000             1
   -0.25000000000000   -0.33333333333334    0.40000000000000             1
   -0.12500000000000   -0.33333333333334    0.40000000000000             1
    0.00000000000000   -0.16666666666666    0.40000000000000             1
    0.12500000000000   -0.16666666666666    0.40000000000000             1
    0.25000000000000   -0.16666666666666    0.40000000000000             1
    0.37500000000000   -0.16666666666666    0.40000000000000             1
    0.50000000000000   -0.16666666666666    0.40000000000000             1
   -0.37500000000000   -0.16666666666666    0.40000000000000             1
   -0.25000000000000   -0.16666666666666    0.40000000000000             1
   -0.12500000000000   -0.16666666666666    0.40000000000000             1
    0.00000000000000    0.00000000000000   -0.40000000000000             1
    0.12500000000000    0.00000000000000   -0.40000000000000             1
    0.25000000000000    0.00000000000000   -0.40000000000000             1
    0.37500000000000    0.00000000000000   -0.40000000000000             1
    0.50000000000000    0.00000000000000   -0.40000000000000             1
   -0.37500000000000    0.00000000000000   -0.40000000000000             1
   -0.25000000000000    0.00000000000000   -0.40000000000000             1
   -0.12500000000000    0.00000000000000   -0.40000000000000             1
    0.00000000000000    0.16666666666666   -0.40000000000000             1
    0.12500000000000    0.16666666666666   -0.40000000000000             1
    0.25000000000000    0.16666666666666   -0.40000000000000             1
    0.37500000000000    0.16666666666666   -0.40000000000000             1
    0.50000000000000    0.16666666666666   -0.40000000000000             1
   -0.37500000000000    0.16666666666666   -0.40000000000000             1
   -0.25000000000000    0.16666666666666   -0.40000000000000             1
   -0.12500000000000    0.16666666666666   -0.40000000000000             1
    0.00000000000000    0.33333333333334   -0.40000000000000             1
    0.12500000000000    0.33333333333334   -0.40000000000000             1
    0.25000000000000    0.33333333333334   -0.40000000000000             1
    0.37500000000000    0.33333333333334   -0.40000000000000             1
    0.50000000000000    0.33333333333334   -0.40000000000000             1
   -0.37500000000000    0.33333333333334   -0.40000000000000             1
   -0.25000000000000    0.33333333333334   -0.40000000000000             1
   -0.12500000000000    0.33333333333334   -0.40000000000000             1
    0.00000000000000    0.50000000000000   -0.40000000000000             1
    0.12500000000000    0.50000000000000   -0.40000000000000             1
    0.25000000000000    0.50000000000000   -0.40000000000000             1
    0.37500000000000    0.50000000000000   -0.40000000000000             1
    0.50000000000000    0.50000000000000   -0.40000000000000             1
   -0.37500000000000    0.50000000000000   -0.40000000000000             1
   -0.25000000000000    0.50000000000000   -0.40000000000000             1
   -0.12500000000000    0.50000000000000   -0.40000000000000             1
    0.00000000000000   -0.33333333333334   -0.40000000000000             1
    0.12500000000000   -0.33333333333334   -0.40000000000000             1
    0.25000000000000   -0.33333333333334   -0.40000000000000             1
    0.37500000000000   -0.33333333333334   -0.40000000000000             1
    0.50000000000000   -0.33333333333334   -0.40000000000000             1
   -0.37500000000000   -0.33333333333334   -0.40000000000000             1
   -0.25000000000000   -0.33333333333334   -0.40000000000000             1
   -0.12500000000000   -0.33333333333334   -0.40000000000000             1
    0.00000000000000   -0.16666666666666   -0.40000000000000             1
    0.12500000000000   -0.16666666666666   -0.40000000000000             1
    0.25000000000000   -0.16666666666666   -0.40000000000000             1
    0.37500000000000   -0.16666666666666   -0.40000000000000             1
    0.50000000000000   -0.16666666666666   -0.40000000000000             1
   -0.37500000000000   -0.16666666666666   -0.40000000000000             1
   -0.25000000000000   -0.16666666666666   -0.40000000000000             1
   -0.12500000000000   -0.16666666666666   -0.40000000000000             1
    0.00000000000000    0.00000000000000   -0.20000000000000             1
    0.12500000000000    0.00000000000000   -0.20000000000000             1
    0.25000000000000    0.00000000000000   -0.20000000000000             1
    0.37500000000000    0.00000000000000   -0.20000000000000             1
    0.50000000000000    0.00000000000000   -0.20000000000000             1
   -0.37500000000000    0.00000000000000   -0.20000000000000             1
   -0.25000000000000    0.00000000000000   -0.20000000000000             1
   -0.12500000000000    0.00000000000000   -0.20000000000000             1
    0.00000000000000    0.16666666666666   -0.20000000000000             1
    0.12500000000000    0.16666666666666   -0.20000000000000             1
    0.25000000000000    0.16666666666666   -0.20000000000000             1
    0.37500000000000    0.16666666666666   -0.20000000000000             1
    0.50000000000000    0.16666666666666   -0.20000000000000             1
   -0.37500000000000    0.16666666666666   -0.20000000000000             1
   -0.25000000000000    0.16666666666666   -0.20000000000000             1
   -0.12500000000000    0.16666666666666   -0.20000000000000             1
    0.00000000000000    0.33333333333334   -0.20000000000000             1
    0.12500000000000    0.33333333333334   -0.20000000000000             1
    0.25000000000000    0.33333333333334   -0.20000000000000             1
    0.37500000000000    0.33333333333334   -0.20000000000000             1
    0.50000000000000    0.33333333333334   -0.20000000000000             1
   -0.37500000000000    0.33333333333334   -0.20000000000000             1
   -0.25000000000000    0.33333333333334   -0.20000000000000             1
   -0.12500000000000    0.33333333333334   -0.20000000000000             1
    0.00000000000000    0.50000000000000   -0.20000000000000             1
    0.12500000000000    0.50000000000000   -0.20000000000000             1
    0.25000000000000    0.50000000000000   -0.20000000000000             1
    0.37500000000000    0.50000000000000   -0.20000000000000             1
    0.50000000000000    0.50000000000000   -0.20000000000000             1
   -0.37500000000000    0.50000000000000   -0.20000000000000             1
   -0.25000000000000    0.50000000000000   -0.20000000000000             1
   -0.12500000000000    0.50000000000000   -0.20000000000000             1
    0.00000000000000   -0.33333333333334   -0.20000000000000             1
    0.12500000000000   -0.33333333333334   -0.20000000000000             1
    0.25000000000000   -0.33333333333334   -0.20000000000000             1
    0.37500000000000   -0.33333333333334   -0.20000000000000             1
    0.50000000000000   -0.33333333333334   -0.20000000000000             1
   -0.37500000000000   -0.33333333333334   -0.20000000000000             1
   -0.25000000000000   -0.33333333333334   -0.20000000000000             1
   -0.12500000000000   -0.33333333333334   -0.20000000000000             1
    0.00000000000000   -0.16666666666666   -0.20000000000000             1
    0.12500000000000   -0.16666666666666   -0.20000000000000             1
    0.25000000000000   -0.16666666666666   -0.20000000000000             1
    0.37500000000000   -0.16666666666666   -0.20000000000000             1
    0.50000000000000   -0.16666666666666   -0.20000000000000             1
   -0.37500000000000   -0.16666666666666   -0.20000000000000             1
   -0.25000000000000   -0.16666666666666   -0.20000000000000             1
   -0.12500000000000   -0.16666666666666   -0.20000000000000             1
