Automatically generated mesh
      28
Reciprocal lattice
    0.00000000000000    0.00000000000000    0.00000000000000             1
    0.14285714285715    0.00000000000000    0.00000000000000             1
    0.28571428571428    0.00000000000000    0.00000000000000             1
    0.42857142857143    0.00000000000000    0.00000000000000             1
   -0.42857142857143    0.00000000000000   -0.00000000000000             1
   -0.28571428571428    0.00000000000000   -0.00000000000000             1
   -0.14285714285715    0.00000000000000   -0.00000000000000             1
    0.00000000000000    0.25000000000000    0.00000000000000             1
    0.14285714285715    0.25000000000000    0.00000000000000             1
    0.28571428571428    0.25000000000000    0.00000000000000             1
    0.42857142857143    0.25000000000000    0.00000000000000             1
   -0.42857142857143    0.25000000000000   -0.00000000000000             1
   -0.28571428571428    0.25000000000000   -0.00000000000000             1
   -0.14285714285715    0.25000000000000   -0.00000000000000             1
    0.00000000000000    0.50000000000000    0.00000000000000             1
    0.14285714285715    0.50000000000000    0.00000000000000             1
    0.28571428571428    0.50000000000000    0.00000000000000             1
    0.42857142857143    0.50000000000000    0.00000000000000             1
   -0.42857142857143    0.50000000000000   -0.00000000000000             1
   -0.28571428571428    0.50000000000000   -0.00000000000000             1
   -0.14285714285715    0.50000000000000   -0.00000000000000             1
    0.00000000000000   -0.25000000000000    0.00000000000000             1
    0.14285714285715   -0.25000000000000    0.00000000000000             1
    0.28571428571428   -0.25000000000000    0.00000000000000             1
    0.42857142857143   -0.25000000000000    0.00000000000000             1
   -0.42857142857143   -0.25000000000000   -0.00000000000000             1
   -0.28571428571428   -0.25000000000000   -0.00000000000000             1
   -0.14285714285715   -0.25000000000000   -0.00000000000000             1
