Automatically generated mesh
     175
Reciprocal lattice
    0.00000000000000    0.00000000000000    0.00000000000000             1
    0.20000000000000    0.00000000000000    0.00000000000000             1
    0.40000000000000    0.00000000000000   -0.00000000000000             1
   -0.40000000000000   -0.00000000000000    0.00000000000000             1
   -0.20000000000000   -0.00000000000000   -0.00000000000000             1
    0.00000000000000    0.20000000000000    0.00000000000000             1
    0.20000000000000    0.20000000000000    0.00000000000000             1
    0.40000000000000    0.20000000000000    0.00000000000000             1
   -0.40000000000000    0.20000000000000   -0.00000000000000             1
   -0.20000000000000    0.20000000000000    0.00000000000000             1
    0.00000000000000    0.40000000000000   -0.00000000000000             1
    0.20000000000000    0.40000000000000    0.00000000000000             1
    0.40000000000000    0.40000000000000   -0.00000000000000             1
   -0.40000000000000    0.40000000000000    0.00000000000000             1
   -0.20000000000000    0.40000000000000    0.00000000000000             1
   -0.00000000000000   -0.40000000000000    0.00000000000000             1
    0.20000000000000   -0.40000000000000   -0.00000000000000             1
    0.40000000000000   -0.40000000000000    0.00000000000000             1
   -0.40000000000000   -0.40000000000000    0.00000000000000             1
   -0.20000000000000   -0.40000000000000   -0.00000000000000             1
   -0.00000000000000   -0.20000000000000   -0.00000000000000             1
    0.20000000000000   -0.20000000000000    0.00000000000000             1
    0.40000000000000   -0.20000000000000    0.00000000000000             1
   -0.40000000000000   -0.20000000000000   -0.00000000000000             1
   -0.20000000000000   -0.20000000000000    0.00000000000000             1
    0.00000000000000    0.00000000000000    0.14285714285715             1
    0.20000000000000    0.00000000000000    0.14285714285715             1
    0.40000000000000    0.00000000000000    0.14285714285715             1
   -0.40000000000000   -0.00000000000000    0.14285714285715             1
   -0.20000000000000   -0.00000000000000    0.14285714285715             1
    0.00000000000000    0.20000000000000    0.14285714285715             1
    0.20000000000000    0.20000000000000    0.14285714285715             1
    0.40000000000000    0.20000000000000    0.14285714285715             1
   -0.40000000000000    0.20000000000000    0.14285714285715             1
   -0.20000000000000    0.20000000000000    0.14285714285715             1
    0.00000000000000    0.40000000000000    0.14285714285715             1
    0.20000000000000    0.40000000000000    0.14285714285715             1
    0.40000000000000    0.40000000000000    0.14285714285715             1
   -0.40000000000000    0.40000000000000    0.14285714285715             1
   -0.20000000000000    0.40000000000000    0.14285714285715             1
   -0.00000000000000   -0.40000000000000    0.14285714285715             1
    0.20000000000000   -0.40000000000000    0.14285714285715             1
    0.40000000000000   -0.40000000000000    0.14285714285715             1
   -0.40000000000000   -0.40000000000000    0.14285714285715             1
   -0.20000000000000   -0.40000000000000    0.14285714285715             1
   -0.00000000000000   -0.20000000000000    0.14285714285715             1
    0.20000000000000   -0.20000000000000    0.14285714285715             1
    0.40000000000000   -0.20000000000000    0.14285714285715             1
   -0.40000000000000   -0.20000000000000    0.14285714285715             1
   -0.20000000000000   -0.20000000000000    0.14285714285715             1
    0.00000000000000    0.00000000000000    0.28571428571428             1
    0.20000000000000    0.00000000000000    0.28571428571428             1
    0.40000000000000    0.00000000000000    0.28571428571428             1
   -0.40000000000000   -0.00000000000000    0.28571428571428             1
   -0.20000000000000   -0.00000000000000    0.28571428571428             1
    0.00000000000000    0.20000000000000    0.28571428571428             1
    0.20000000000000    0.20000000000000    0.28571428571428             1
    0.40000000000000    0.20000000000000    0.28571428571428             1
   -0.40000000000000    0.20000000000000    0.28571428571428             1
   -0.20000000000000    0.20000000000000    0.28571428571428             1
    0.00000000000000    0.40000000000000    0.28571428571428             1
    0.20000000000000    0.40000000000000    0.28571428571428             1
    0.40000000000000    0.40000000000000    0.28571428571428             1
   -0.40000000000000    0.40000000000000    0.28571428571428             1
   -0.20000000000000    0.40000000000000    0.28571428571428             1
   -0.00000000000000   -0.40000000000000    0.28571428571428             1
    0.20000000000000   -0.40000000000000    0.28571428571428             1
    0.40000000000000   -0.40000000000000    0.28571428571428             1
   -0.40000000000000   -0.40000000000000    0.28571428571428             1
   -0.20000000000000   -0.40000000000000    0.28571428571428             1
   -0.00000000000000   -0.20000000000000    0.28571428571428             1
    0.20000000000000   -0.20000000000000    0.28571428571428             1
    0.40000000000000   -0.20000000000000    0.28571428571428             1
   -0.40000000000000   -0.20000000000000    0.28571428571428             1
   -0.20000000000000   -0.20000000000000    0.28571428571428             1
    0.00000000000000    0.00000000000000    0.42857142857143             1
    0.20000000000000    0.00000000000000    0.42857142857143             1
    0.40000000000000    0.00000000000000    0.42857142857143             1
   -0.40000000000000   -0.00000000000000    0.42857142857143             1
   -0.20000000000000   -0.00000000000000    0.42857142857143             1
    0.00000000000000    0.20000000000000    0.42857142857143             1
    0.20000000000000    0.20000000000000    0.42857142857143             1
    0.40000000000000    0.20000000000000    0.42857142857143             1
   -0.40000000000000    0.20000000000000    0.42857142857143             1
   -0.20000000000000    0.20000000000000    0.42857142857143             1
    0.00000000000000    0.40000000000000    0.42857142857143             1
    0.20000000000000    0.40000000000000    0.42857142857143             1
    0.40000000000000    0.40000000000000    0.42857142857143             1
   -0.40000000000000    0.40000000000000    0.42857142857143             1
   -0.20000000000000    0.40000000000000    0.42857142857143             1
   -0.00000000000000   -0.40000000000000    0.42857142857143             1
    0.20000000000000   -0.40000000000000    0.42857142857143             1
    0.40000000000000   -0.40000000000000    0.42857142857143             1
   -0.40000000000000   -0.40000000000000    0.42857142857143             1
   -0.20000000000000   -0.40000000000000    0.42857142857143             1
   -0.00000000000000   -0.20000000000000    0.42857142857143             1
    0.20000000000000   -0.20000000000000    0.42857142857143             1
    0.40000000000000   -0.20000000000000    0.42857142857143             1
   -0.40000000000000   -0.20000000000000    0.42857142857143             1
   -0.20000000000000   -0.20000000000000    0.42857142857143             1
   -0.00000000000000   -0.00000000000000   -0.42857142857143             1
    0.20000000000000    0.00000000000000   -0.42857142857143             1
    0.40000000000000    0.00000000000000   -0.42857142857143             1
   -0.40000000000000   -0.00000000000000   -0.42857142857143             1
   -0.20000000000000   -0.00000000000000   -0.42857142857143             1
    0.00000000000000    0.20000000000000   -0.42857142857143             1
    0.20000000000000    0.20000000000000   -0.42857142857143             1
    0.40000000000000    0.20000000000000   -0.42857142857143             1
   -0.40000000000000    0.20000000000000   -0.42857142857143             1
   -0.20000000000000    0.20000000000000   -0.42857142857143             1
    0.00000000000000    0.40000000000000   -0.42857142857143             1
    0.20000000000000    0.40000000000000   -0.42857142857143             1
    0.40000000000000    0.40000000000000   -0.42857142857143             1
   -0.40000000000000    0.40000000000000   -0.42857142857143             1
   -0.20000000000000    0.40000000000000   -0.42857142857143             1
   -0.00000000000000   -0.40000000000000   -0.42857142857143             1
    0.20000000000000   -0.40000000000000   -0.42857142857143             1
    0.40000000000000   -0.40000000000000   -0.42857142857143             1
   -0.40000000000000   -0.40000000000000   -0.42857142857143             1
   -0.20000000000000   -0.40000000000000   -0.42857142857143             1
   -0.00000000000000   -0.20000000000000   -0.42857142857143             1
    0.20000000000000   -0.20000000000000   -0.42857142857143             1
    0.40000000000000   -0.20000000000000   -0.42857142857143             1
   -0.40000000000000   -0.20000000000000   -0.42857142857143             1
   -0.20000000000000   -0.20000000000000   -0.42857142857143             1
    0.00000000000000    0.00000000000000   -0.28571428571428             1
    0.20000000000000    0.00000000000000   -0.28571428571428             1
    0.40000000000000    0.00000000000000   -0.28571428571428             1
   -0.40000000000000   -0.00000000000000   -0.28571428571428             1
   -0.20000000000000   -0.00000000000000   -0.28571428571428             1
    0.00000000000000    0.20000000000000   -0.28571428571428             1
    0.20000000000000    0.20000000000000   -0.28571428571428             1
    0.40000000000000    0.20000000000000   -0.28571428571428             1
   -0.40000000000000    0.20000000000000   -0.28571428571428             1
   -0.20000000000000    0.20000000000000   -0.28571428571428             1
    0.00000000000000    0.40000000000000   -0.28571428571428             1
    0.20000000000000    0.40000000000000   -0.28571428571428             1
    0.40000000000000    0.40000000000000   -0.28571428571428             1
   -0.40000000000000    0.40000000000000   -0.28571428571428             1
   -0.20000000000000    0.40000000000000   -0.28571428571428             1
   -0.00000000000000   -0.40000000000000   -0.28571428571428             1
    0.20000000000000   -0.40000000000000   -0.28571428571428             1
    0.40000000000000   -0.40000000000000   -0.28571428571428             1
   -0.40000000000000   -0.40000000000000   -0.28571428571428             1
   -0.20000000000000   -0.40000000000000   -0.28571428571428             1
   -0.00000000000000   -0.20000000000000   -0.28571428571428             1
    0.20000000000000   -0.20000000000000   -0.28571428571428             1
    0.40000000000000   -0.20000000000000   -0.28571428571428             1
   -0.40000000000000   -0.20000000000000   -0.28571428571428             1
   -0.20000000000000   -0.20000000000000   -0.28571428571428             1
    0.00000000000000    0.00000000000000   -0.14285714285715             1
    0.20000000000000    0.00000000000000   -0.14285714285715             1
    0.40000000000000    0.00000000000000   -0.14285714285715             1
   -0.40000000000000   -0.00000000000000   -0.14285714285715             1
   -0.20000000000000   -0.00000000000000   -0.14285714285715             1
    0.00000000000000    0.20000000000000   -0.14285714285715             1
    0.20000000000000    0.20000000000000   -0.14285714285715             1
    0.40000000000000    0.20000000000000   -0.14285714285715             1
   -0.40000000000000    0.20000000000000   -0.14285714285715             1
   -0.20000000000000    0.20000000000000   -0.14285714285715             1
    0.00000000000000    0.40000000000000   -0.14285714285715             1
    0.20000000000000    0.40000000000000   -0.14285714285715             1
    0.40000000000000    0.40000000000000   -0.14285714285715             1
   -0.40000000000000    0.40000000000000   -0.14285714285715             1
   -0.20000000000000    0.40000000000000   -0.14285714285715             1
   -0.00000000000000   -0.40000000000000   -0.14285714285715             1
    0.20000000000000   -0.40000000000000   -0.14285714285715             1
    0.40000000000000   -0.40000000000000   -0.14285714285715             1
   -0.40000000000000   -0.40000000000000   -0.14285714285715             1
   -0.20000000000000   -0.40000000000000   -0.14285714285715             1
   -0.00000000000000   -0.20000000000000   -0.14285714285715             1
    0.20000000000000   -0.20000000000000   -0.14285714285715             1
    0.40000000000000   -0.20000000000000   -0.14285714285715             1
   -0.40000000000000   -0.20000000000000   -0.14285714285715             1
   -0.20000000000000   -0.20000000000000   -0.14285714285715             1
