Automatically generated mesh
      75
Reciprocal lattice
    0.00000000000000    0.00000000000000    0.00000000000000             1
    0.20000000000000   -0.00000000000000    0.00000000000000             1
    0.40000000000000   -0.00000000000000   -0.00000000000000             1
   -0.40000000000000    0.00000000000000    0.00000000000000             1
   -0.20000000000000    0.00000000000000   -0.00000000000000             1
    0.00000000000000    0.20000000000000   -0.00000000000000             1
    0.20000000000000    0.20000000000000   -0.00000000000000             1
    0.40000000000000    0.20000000000000   -0.00000000000000             1
   -0.40000000000000    0.20000000000000   -0.00000000000000             1
   -0.20000000000000    0.20000000000000   -0.00000000000000             1
    0.00000000000000    0.40000000000000   -0.00000000000000             1
    0.20000000000000    0.40000000000000   -0.00000000000000             1
    0.40000000000000    0.40000000000000   -0.00000000000000             1
   -0.40000000000000    0.40000000000000   -0.00000000000000             1
   -0.20000000000000    0.40000000000000    0.00000000000000             1
    0.00000000000000   -0.40000000000000    0.00000000000000             1
    0.20000000000000   -0.40000000000000   -0.00000000000000             1
    0.40000000000000   -0.40000000000000    0.00000000000000             1
   -0.40000000000000   -0.40000000000000    0.00000000000000             1
   -0.20000000000000   -0.40000000000000    0.00000000000000             1
    0.00000000000000   -0.20000000000000    0.00000000000000             1
    0.20000000000000   -0.20000000000000    0.00000000000000             1
    0.40000000000000   -0.20000000000000    0.00000000000000             1
   -0.40000000000000   -0.20000000000000    0.00000000000000             1
   -0.20000000000000   -0.20000000000000    0.00000000000000             1
    0.00000000000000    0.00000000000000    0.33333333333334             1
    0.20000000000000    0.00000000000000    0.33333333333334             1
    0.40000000000000    0.00000000000000    0.33333333333334             1
   -0.40000000000000    0.00000000000000    0.33333333333334             1
   -0.20000000000000    0.00000000000000    0.33333333333334             1
   -0.00000000000000    0.20000000000000    0.33333333333334             1
    0.20000000000000    0.20000000000000    0.33333333333334             1
    0.40000000000000    0.20000000000000    0.33333333333334             1
   -0.40000000000000    0.20000000000000    0.33333333333334             1
   -0.20000000000000    0.20000000000000    0.33333333333334             1
    0.00000000000000    0.40000000000000    0.33333333333334             1
    0.20000000000000    0.40000000000000    0.33333333333334             1
    0.40000000000000    0.40000000000000    0.33333333333334             1
   -0.40000000000000    0.40000000000000    0.33333333333334             1
   -0.20000000000000    0.40000000000000    0.33333333333334             1
    0.00000000000000   -0.40000000000000    0.33333333333334             1
    0.20000000000000   -0.40000000000000    0.33333333333334             1
    0.40000000000000   -0.40000000000000    0.33333333333334             1
   -0.40000000000000   -0.40000000000000    0.33333333333334             1
   -0.20000000000000   -0.40000000000000    0.33333333333334             1
    0.00000000000000   -0.20000000000000    0.33333333333334             1
    0.20000000000000   -0.20000000000000    0.33333333333334             1
    0.40000000000000   -0.20000000000000    0.33333333333334             1
   -0.40000000000000   -0.20000000000000    0.33333333333334             1
   -0.20000000000000   -0.20000000000000    0.33333333333334             1
   -0.00000000000000   -0.00000000000000   -0.33333333333334             1
    0.20000000000000   -0.00000000000000   -0.33333333333334             1
    0.40000000000000    0.00000000000000   -0.33333333333334             1
   -0.40000000000000    0.00000000000000   -0.33333333333334             1
   -0.20000000000000   -0.00000000000000   -0.33333333333334             1
    0.00000000000000    0.20000000000000   -0.33333333333334             1
    0.20000000000000    0.20000000000000   -0.33333333333334             1
    0.40000000000000    0.20000000000000   -0.33333333333334             1
   -0.40000000000000    0.20000000000000   -0.33333333333334             1
   -0.20000000000000    0.20000000000000   -0.33333333333334             1
    0.00000000000000    0.40000000000000   -0.33333333333334             1
    0.20000000000000    0.40000000000000   -0.33333333333334             1
    0.40000000000000    0.40000000000000   -0.33333333333334             1
   -0.40000000000000    0.40000000000000   -0.33333333333334             1
   -0.20000000000000    0.40000000000000   -0.33333333333334             1
    0.00000000000000   -0.40000000000000   -0.33333333333334             1
    0.20000000000000   -0.40000000000000   -0.33333333333334             1
    0.40000000000000   -0.40000000000000   -0.33333333333334             1
   -0.40000000000000   -0.40000000000000   -0.33333333333334             1
   -0.20000000000000   -0.40000000000000   -0.33333333333334             1
    0.00000000000000   -0.20000000000000   -0.33333333333334             1
    0.20000000000000   -0.20000000000000   -0.33333333333334             1
    0.40000000000000   -0.20000000000000   -0.33333333333334             1
   -0.40000000000000   -0.20000000000000   -0.33333333333334             1
   -0.20000000000000   -0.20000000000000   -0.33333333333334             1
Tetrahedra
       450    0.00222222222222
         1        35        36        40        61
         1        31        35        36        61
         1        31        35        56        61
         1        35        40        61        65
         1        35        60        61        65
         1        35        56        60        61
         1        40        41        45        66
         1        36        40        41        66
         1        36        40        61        66
         1        40        45        66        70
         1        40        65        66        70
         1        40        61        65        66
         1        45        46        50        71
         1        41        45        46        71
         1        41        45        66        71
         1        45        50        71        75
         1        45        70        71        75
         1        45        66        70        71
         1        26        30        50        51
         1        26        46        50        51
         1        46        50        51        71
         1        30        50        51        55
         1        50        51        55        75
         1        50        51        71        75
         1        30        31        35        56
         1        26        30        31        56
         1        26        30        51        56
         1        30        35        56        60
         1        30        55        56        60
         1        30        51        55        56
         1        15        59        64        65
         1        15        59        60        65
         1        10        15        59        60
         1        14        15        59        64
         1         9        14        15        59
         1         9        10        15        59
         1        20        64        69        70
         1        20        64        65        70
         1        15        20        64        65
         1        19        20        64        69
         1        14        19        20        64
         1        14        15        20        64
         1        25        69        74        75
         1        25        69        70        75
         1        20        25        69        70
         1        24        25        69        74
         1        19        24        25        69
         1        19        20        25        69
         1         5        54        55        74
         1         5        55        74        75
         1         5        25        74        75
         1         4         5        54        74
         1         4         5        24        74
         1         5        24        25        74
         1        10        54        59        60
         1        10        54        55        60
         1         5        10        54        55
         1         9        10        54        59
         1         4         9        10        54
         1         4         5        10        54
         1         8        13        14        39
         1         8         9        14        39
         1         8         9        34        39
         1         8        13        38        39
         1         8        33        38        39
         1         8        33        34        39
         1        13        18        19        44
         1        13        14        19        44
         1        13        14        39        44
         1        13        18        43        44
         1        13        38        43        44
         1        13        38        39        44
         1        18        23        24        49
         1        18        19        24        49
         1        18        19        44        49
         1        18        23        48        49
         1        18        43        48        49
         1        18        43        44        49
         1         3         4        23        29
         1         4        23        24        29
         1        23        24        29        49
         1         3        23        28        29
         1        23        28        29        48
         1        23        29        48        49
         1         3         8         9        34
         1         3         4         9        34
         1         3         4        29        34
         1         3         8        33        34
         1         3        28        33        34
         1         3        28        29        34
         1        32        37        38        63
         1        32        33        38        63
         1        32        33        58        63
         1        32        37        62        63
         1        32        57        62        63
         1        32        57        58        63
         1        37        42        43        68
         1        37        38        43        68
         1        37        38        63        68
         1        37        42        67        68
         1        37        62        67        68
         1        37        62        63        68
         1        42        47        48        73
         1        42        43        48        73
         1        42        43        68        73
         1        42        47        72        73
         1        42        67        72        73
         1        42        67        68        73
         1        27        28        47        53
         1        28        47        48        53
         1        47        48        53        73
         1        27        47        52        53
         1        47        52        53        72
         1        47        53        72        73
         1        27        32        33        58
         1        27        28        33        58
         1        27        28        53        58
         1        27        32        57        58
         1        27        52        57        58
         1        27        52        53        58
         1        12        56        61        62
         1        12        56        57        62
         1         7        12        56        57
         1        11        12        56        61
         1         6        11        12        56
         1         6         7        12        56
         1        17        61        66        67
         1        17        61        62        67
         1        12        17        61        62
         1        16        17        61        66
         1        11        16        17        61
         1        11        12        17        61
         1        22        66        71        72
         1        22        66        67        72
         1        17        22        66        67
         1        21        22        66        71
         1        16        21        22        66
         1        16        17        22        66
         1         2        51        52        71
         1         2        52        71        72
         1         2        22        71        72
         1         1         2        51        71
         1         1         2        21        71
         1         2        21        22        71
         1         7        51        56        57
         1         7        51        52        57
         1         2         7        51        52
         1         6         7        51        56
         1         1         6         7        51
         1         1         2         7        51
         1        10        11        15        36
         1         6        10        11        36
         1         6        10        31        36
         1        10        15        36        40
         1        10        35        36        40
         1        10        31        35        36
         1        15        16        20        41
         1        11        15        16        41
         1        11        15        36        41
         1        15        20        41        45
         1        15        40        41        45
         1        15        36        40        41
         1        20        21        25        46
         1        16        20        21        46
         1        16        20        41        46
         1        20        25        46        50
         1        20        45        46        50
         1        20        41        45        46
         1         1         5        25        26
         1         1        21        25        26
         1        21        25        26        46
         1         5        25        26        30
         1        25        26        30        50
         1        25        26        46        50
         1         5         6        10        31
         1         1         5         6        31
         1         1         5        26        31
         1         5        10        31        35
         1         5        30        31        35
         1         5        26        30        31
         1        34        39        40        65
         1        34        35        40        65
         1        34        35        60        65
         1        34        39        64        65
         1        34        59        64        65
         1        34        59        60        65
         1        39        44        45        70
         1        39        40        45        70
         1        39        40        65        70
         1        39        44        69        70
         1        39        64        69        70
         1        39        64        65        70
         1        44        49        50        75
         1        44        45        50        75
         1        44        45        70        75
         1        44        49        74        75
         1        44        69        74        75
         1        44        69        70        75
         1        29        30        49        55
         1        30        49        50        55
         1        49        50        55        75
         1        29        49        54        55
         1        49        54        55        74
         1        49        55        74        75
         1        29        34        35        60
         1        29        30        35        60
         1        29        30        55        60
         1        29        34        59        60
         1        29        54        59        60
         1        29        54        55        60
         1        14        58        63        64
         1        14        58        59        64
         1         9        14        58        59
         1        13        14        58        63
         1         8        13        14        58
         1         8         9        14        58
         1        19        63        68        69
         1        19        63        64        69
         1        14        19        63        64
         1        18        19        63        68
         1        13        18        19        63
         1        13        14        19        63
         1        24        68        73        74
         1        24        68        69        74
         1        19        24        68        69
         1        23        24        68        73
         1        18        23        24        68
         1        18        19        24        68
         1         4        53        54        73
         1         4        54        73        74
         1         4        24        73        74
         1         3         4        53        73
         1         3         4        23        73
         1         4        23        24        73
         1         9        53        58        59
         1         9        53        54        59
         1         4         9        53        54
         1         8         9        53        58
         1         3         8         9        53
         1         3         4         9        53
         1         7        12        13        38
         1         7         8        13        38
         1         7         8        33        38
         1         7        12        37        38
         1         7        32        37        38
         1         7        32        33        38
         1        12        17        18        43
         1        12        13        18        43
         1        12        13        38        43
         1        12        17        42        43
         1        12        37        42        43
         1        12        37        38        43
         1        17        22        23        48
         1        17        18        23        48
         1        17        18        43        48
         1        17        22        47        48
         1        17        42        47        48
         1        17        42        43        48
         1         2         3        22        28
         1         3        22        23        28
         1        22        23        28        48
         1         2        22        27        28
         1        22        27        28        47
         1        22        28        47        48
         1         2         7         8        33
         1         2         3         8        33
         1         2         3        28        33
         1         2         7        32        33
         1         2        27        32        33
         1         2        27        28        33
         1        31        36        37        62
         1        31        32        37        62
         1        31        32        57        62
         1        31        36        61        62
         1        31        56        61        62
         1        31        56        57        62
         1        36        41        42        67
         1        36        37        42        67
         1        36        37        62        67
         1        36        41        66        67
         1        36        61        66        67
         1        36        61        62        67
         1        41        46        47        72
         1        41        42        47        72
         1        41        42        67        72
         1        41        46        71        72
         1        41        66        71        72
         1        41        66        67        72
         1        26        27        46        52
         1        27        46        47        52
         1        46        47        52        72
         1        26        46        51        52
         1        46        51        52        71
         1        46        52        71        72
         1        26        31        32        57
         1        26        27        32        57
         1        26        27        52        57
         1        26        31        56        57
         1        26        51        56        57
         1        26        51        52        57
         1        11        60        61        65
         1        11        56        60        61
         1         6        11        56        60
         1        11        15        60        65
         1        10        11        15        60
         1         6        10        11        60
         1        16        65        66        70
         1        16        61        65        66
         1        11        16        61        65
         1        16        20        65        70
         1        15        16        20        65
         1        11        15        16        65
         1        21        70        71        75
         1        21        66        70        71
         1        16        21        66        70
         1        21        25        70        75
         1        20        21        25        70
         1        16        20        21        70
         1         1        51        55        75
         1         1        51        71        75
         1         1        21        71        75
         1         1         5        55        75
         1         1         5        25        75
         1         1        21        25        75
         1         6        55        56        60
         1         6        51        55        56
         1         1         6        51        55
         1         6        10        55        60
         1         5         6        10        55
         1         1         5         6        55
         1         9        14        15        40
         1         9        10        15        40
         1         9        10        35        40
         1         9        14        39        40
         1         9        34        39        40
         1         9        34        35        40
         1        14        19        20        45
         1        14        15        20        45
         1        14        15        40        45
         1        14        19        44        45
         1        14        39        44        45
         1        14        39        40        45
         1        19        24        25        50
         1        19        20        25        50
         1        19        20        45        50
         1        19        24        49        50
         1        19        44        49        50
         1        19        44        45        50
         1         4         5        24        30
         1         5        24        25        30
         1        24        25        30        50
         1         4        24        29        30
         1        24        29        30        49
         1        24        30        49        50
         1         4         9        10        35
         1         4         5        10        35
         1         4         5        30        35
         1         4         9        34        35
         1         4        29        34        35
         1         4        29        30        35
         1        33        38        39        64
         1        33        34        39        64
         1        33        34        59        64
         1        33        38        63        64
         1        33        58        63        64
         1        33        58        59        64
         1        38        43        44        69
         1        38        39        44        69
         1        38        39        64        69
         1        38        43        68        69
         1        38        63        68        69
         1        38        63        64        69
         1        43        48        49        74
         1        43        44        49        74
         1        43        44        69        74
         1        43        48        73        74
         1        43        68        73        74
         1        43        68        69        74
         1        28        29        48        54
         1        29        48        49        54
         1        48        49        54        74
         1        28        48        53        54
         1        48        53        54        73
         1        48        54        73        74
         1        28        33        34        59
         1        28        29        34        59
         1        28        29        54        59
         1        28        33        58        59
         1        28        53        58        59
         1        28        53        54        59
         1        13        57        62        63
         1        13        57        58        63
         1         8        13        57        58
         1        12        13        57        62
         1         7        12        13        57
         1         7         8        13        57
         1        18        62        67        68
         1        18        62        63        68
         1        13        18        62        63
         1        17        18        62        67
         1        12        17        18        62
         1        12        13        18        62
         1        23        67        72        73
         1        23        67        68        73
         1        18        23        67        68
         1        22        23        67        72
         1        17        22        23        67
         1        17        18        23        67
         1         3        52        53        72
         1         3        53        72        73
         1         3        23        72        73
         1         2         3        52        72
         1         2         3        22        72
         1         3        22        23        72
         1         8        52        57        58
         1         8        52        53        58
         1         3         8        52        53
         1         7         8        52        57
         1         2         7         8        52
         1         2         3         8        52
         1         6        11        12        37
         1         6         7        12        37
         1         6         7        32        37
         1         6        11        36        37
         1         6        31        36        37
         1         6        31        32        37
         1        11        16        17        42
         1        11        12        17        42
         1        11        12        37        42
         1        11        16        41        42
         1        11        36        41        42
         1        11        36        37        42
         1        16        21        22        47
         1        16        17        22        47
         1        16        17        42        47
         1        16        21        46        47
         1        16        41        46        47
         1        16        41        42        47
         1         1         2        21        27
         1         2        21        22        27
         1        21        22        27        47
         1         1        21        26        27
         1        21        26        27        46
         1        21        27        46        47
         1         1         6         7        32
         1         1         2         7        32
         1         1         2        27        32
         1         1         6        31        32
         1         1        26        31        32
         1         1        26        27        32
