Automatically generated mesh
     176
Reciprocal lattice
    0.00000000000000    0.00000000000000    0.00000000000000             1
    0.25000000000000    0.00000000000000    0.00000000000000             1
    0.50000000000000    0.00000000000000    0.00000000000000             1
   -0.25000000000000   -0.00000000000000    0.00000000000000             1
    0.00000000000000    0.25000000000000    0.00000000000000             1
    0.25000000000000    0.25000000000000    0.00000000000000             1
    0.50000000000000    0.25000000000000    0.00000000000000             1
   -0.25000000000000    0.25000000000000    0.00000000000000             1
    0.00000000000000    0.50000000000000    0.00000000000000             1
    0.25000000000000    0.50000000000000    0.00000000000000             1
    0.50000000000000    0.50000000000000    0.00000000000000             1
   -0.25000000000000    0.50000000000000    0.00000000000000             1
   -0.00000000000000   -0.25000000000000    0.00000000000000             1
    0.25000000000000   -0.25000000000000    0.00000000000000             1
    0.50000000000000   -0.25000000000000    0.00000000000000             1
   -0.25000000000000   -0.25000000000000    0.00000000000000             1
    0.00000000000000    0.00000000000000    0.09090909090909             1
    0.25000000000000    0.00000000000000    0.09090909090909             1
    0.50000000000000    0.00000000000000    0.09090909090909             1
   -0.25000000000000   -0.00000000000000    0.09090909090909             1
    0.00000000000000    0.25000000000000    0.09090909090909             1
    0.25000000000000    0.25000000000000    0.09090909090909             1
    0.50000000000000    0.25000000000000    0.09090909090909             1
   -0.25000000000000    0.25000000000000    0.09090909090909             1
    0.00000000000000    0.50000000000000    0.09090909090909             1
    0.25000000000000    0.50000000000000    0.09090909090909             1
    0.50000000000000    0.50000000000000    0.09090909090909             1
   -0.25000000000000    0.50000000000000    0.09090909090909             1
   -0.00000000000000   -0.25000000000000    0.09090909090909             1
    0.25000000000000   -0.25000000000000    0.09090909090909             1
    0.50000000000000   -0.25000000000000    0.09090909090909             1
   -0.25000000000000   -0.25000000000000    0.09090909090909             1
    0.00000000000000    0.00000000000000    0.18181818181818             1
    0.25000000000000    0.00000000000000    0.18181818181818             1
    0.50000000000000    0.00000000000000    0.18181818181818             1
   -0.25000000000000   -0.00000000000000    0.18181818181818             1
    0.00000000000000    0.25000000000000    0.18181818181818             1
    0.25000000000000    0.25000000000000    0.18181818181818             1
    0.50000000000000    0.25000000000000    0.18181818181818             1
   -0.25000000000000    0.25000000000000    0.18181818181818             1
    0.00000000000000    0.50000000000000    0.18181818181818             1
    0.25000000000000    0.50000000000000    0.18181818181818             1
    0.50000000000000    0.50000000000000    0.18181818181818             1
   -0.25000000000000    0.50000000000000    0.18181818181818             1
   -0.00000000000000   -0.25000000000000    0.18181818181818             1
    0.25000000000000   -0.25000000000000    0.18181818181818             1
    0.50000000000000   -0.25000000000000    0.18181818181818             1
   -0.25000000000000   -0.25000000000000    0.18181818181818             1
    0.00000000000000    0.00000000000000    0.27272727272727             1
    0.25000000000000    0.00000000000000    0.27272727272727             1
    0.50000000000000    0.00000000000000    0.27272727272727             1
   -0.25000000000000   -0.00000000000000    0.27272727272727             1
    0.00000000000000    0.25000000000000    0.27272727272727             1
    0.25000000000000    0.25000000000000    0.27272727272727             1
    0.50000000000000    0.25000000000000    0.27272727272727             1
   -0.25000000000000    0.25000000000000    0.27272727272727             1
    0.00000000000000    0.50000000000000    0.27272727272727             1
    0.25000000000000    0.50000000000000    0.27272727272727             1
    0.50000000000000    0.50000000000000    0.27272727272727             1
   -0.25000000000000    0.50000000000000    0.27272727272727             1
   -0.00000000000000   -0.25000000000000    0.27272727272727             1
    0.25000000000000   -0.25000000000000    0.27272727272727             1
    0.50000000000000   -0.25000000000000    0.27272727272727             1
   -0.25000000000000   -0.25000000000000    0.27272727272727             1
    0.00000000000000    0.00000000000000    0.36363636363637             1
    0.25000000000000    0.00000000000000    0.36363636363637             1
    0.50000000000000    0.00000000000000    0.36363636363637             1
   -0.25000000000000   -0.00000000000000    0.36363636363637             1
    0.00000000000000    0.25000000000000    0.36363636363637             1
    0.25000000000000    0.25000000000000    0.36363636363637             1
    0.50000000000000    0.25000000000000    0.36363636363637             1
   -0.25000000000000    0.25000000000000    0.36363636363637             1
    0.00000000000000    0.50000000000000    0.36363636363637             1
    0.25000000000000    0.50000000000000    0.36363636363637             1
    0.50000000000000    0.50000000000000    0.36363636363637             1
   -0.25000000000000    0.50000000000000    0.36363636363637             1
   -0.00000000000000   -0.25000000000000    0.36363636363637             1
    0.25000000000000   -0.25000000000000    0.36363636363637             1
    0.50000000000000   -0.25000000000000    0.36363636363637             1
   -0.25000000000000   -0.25000000000000    0.36363636363637             1
    0.00000000000000    0.00000000000000    0.45454545454545             1
    0.25000000000000    0.00000000000000    0.45454545454545             1
    0.50000000000000    0.00000000000000    0.45454545454545             1
   -0.25000000000000   -0.00000000000000    0.45454545454545             1
    0.00000000000000    0.25000000000000    0.45454545454545             1
    0.25000000000000    0.25000000000000    0.45454545454545             1
    0.50000000000000    0.25000000000000    0.45454545454545             1
   -0.25000000000000    0.25000000000000    0.45454545454545             1
    0.00000000000000    0.50000000000000    0.45454545454545             1
    0.25000000000000    0.50000000000000    0.45454545454545             1
    0.50000000000000    0.50000000000000    0.45454545454545             1
   -0.25000000000000    0.50000000000000    0.45454545454545             1
   -0.00000000000000   -0.25000000000000    0.45454545454545             1
    0.25000000000000   -0.25000000000000    0.45454545454545             1
    0.50000000000000   -0.25000000000000    0.45454545454545             1
   -0.25000000000000   -0.25000000000000    0.45454545454545             1
    0.00000000000000    0.00000000000000   -0.45454545454545             1
    0.25000000000000    0.00000000000000   -0.45454545454545             1
    0.50000000000000    0.00000000000000   -0.45454545454545             1
   -0.25000000000000   -0.00000000000000   -0.45454545454545             1
    0.00000000000000    0.25000000000000   -0.45454545454545             1
    0.25000000000000    0.25000000000000   -0.45454545454545             1
    0.50000000000000    0.25000000000000   -0.45454545454545             1
   -0.25000000000000    0.25000000000000   -0.45454545454545             1
    0.00000000000000    0.50000000000000   -0.45454545454545             1
    0.25000000000000    0.50000000000000   -0.45454545454545             1
    0.50000000000000    0.50000000000000   -0.45454545454545             1
   -0.25000000000000    0.50000000000000   -0.45454545454545             1
   -0.00000000000000   -0.25000000000000   -0.45454545454545             1
    0.25000000000000   -0.25000000000000   -0.45454545454545             1
    0.50000000000000   -0.25000000000000   -0.45454545454545             1
   -0.25000000000000   -0.25000000000000   -0.45454545454545             1
    0.00000000000000    0.00000000000000   -0.36363636363637             1
    0.25000000000000    0.00000000000000   -0.36363636363637             1
    0.50000000000000    0.00000000000000   -0.36363636363637             1
   -0.25000000000000   -0.00000000000000   -0.36363636363637             1
    0.00000000000000    0.25000000000000   -0.36363636363637             1
    0.25000000000000    0.25000000000000   -0.36363636363637             1
    0.50000000000000    0.25000000000000   -0.36363636363637             1
   -0.25000000000000    0.25000000000000   -0.36363636363637             1
    0.00000000000000    0.50000000000000   -0.36363636363637             1
    0.25000000000000    0.50000000000000   -0.36363636363637             1
    0.50000000000000    0.50000000000000   -0.36363636363637             1
   -0.25000000000000    0.50000000000000   -0.36363636363637             1
   -0.00000000000000   -0.25000000000000   -0.36363636363637             1
    0.25000000000000   -0.25000000000000   -0.36363636363637             1
    0.50000000000000   -0.25000000000000   -0.36363636363637             1
   -0.25000000000000   -0.25000000000000   -0.36363636363637             1
    0.00000000000000    0.00000000000000   -0.27272727272727             1
    0.25000000000000    0.00000000000000   -0.27272727272727             1
    0.50000000000000    0.00000000000000   -0.27272727272727             1
   -0.25000000000000   -0.00000000000000   -0.27272727272727             1
    0.00000000000000    0.25000000000000   -0.27272727272727             1
    0.25000000000000    0.25000000000000   -0.27272727272727             1
    0.50000000000000    0.25000000000000   -0.27272727272727             1
   -0.25000000000000    0.25000000000000   -0.27272727272727             1
    0.00000000000000    0.50000000000000   -0.27272727272727             1
    0.25000000000000    0.50000000000000   -0.27272727272727             1
    0.50000000000000    0.50000000000000   -0.27272727272727             1
   -0.25000000000000    0.50000000000000   -0.27272727272727             1
   -0.00000000000000   -0.25000000000000   -0.27272727272727             1
    0.25000000000000   -0.25000000000000   -0.27272727272727             1
    0.50000000000000   -0.25000000000000   -0.27272727272727             1
   -0.25000000000000   -0.25000000000000   -0.27272727272727             1
    0.00000000000000    0.00000000000000   -0.18181818181818             1
    0.25000000000000    0.00000000000000   -0.18181818181818             1
    0.50000000000000    0.00000000000000   -0.18181818181818             1
   -0.25000000000000   -0.00000000000000   -0.18181818181818             1
    0.00000000000000    0.25000000000000   -0.18181818181818             1
    0.25000000000000    0.25000000000000   -0.18181818181818             1
    0.50000000000000    0.25000000000000   -0.18181818181818             1
   -0.25000000000000    0.25000000000000   -0.18181818181818             1
    0.00000000000000    0.50000000000000   -0.18181818181818             1
    0.25000000000000    0.50000000000000   -0.18181818181818             1
    0.50000000000000    0.50000000000000   -0.18181818181818             1
   -0.25000000000000    0.50000000000000   -0.18181818181818             1
   -0.00000000000000   -0.25000000000000   -0.18181818181818             1
    0.25000000000000   -0.25000000000000   -0.18181818181818             1
    0.50000000000000   -0.25000000000000   -0.18181818181818             1
   -0.25000000000000   -0.25000000000000   -0.18181818181818             1
    0.00000000000000    0.00000000000000   -0.09090909090909             1
    0.25000000000000    0.00000000000000   -0.09090909090909             1
    0.50000000000000    0.00000000000000   -0.09090909090909             1
   -0.25000000000000   -0.00000000000000   -0.09090909090909             1
    0.00000000000000    0.25000000000000   -0.09090909090909             1
    0.25000000000000    0.25000000000000   -0.09090909090909             1
    0.50000000000000    0.25000000000000   -0.09090909090909             1
   -0.25000000000000    0.25000000000000   -0.09090909090909             1
    0.00000000000000    0.50000000000000   -0.09090909090909             1
    0.25000000000000    0.50000000000000   -0.09090909090909             1
    0.50000000000000    0.50000000000000   -0.09090909090909             1
   -0.25000000000000    0.50000000000000   -0.09090909090909             1
   -0.00000000000000   -0.25000000000000   -0.09090909090909             1
    0.25000000000000   -0.25000000000000   -0.09090909090909             1
    0.50000000000000   -0.25000000000000   -0.09090909090909             1
   -0.25000000000000   -0.25000000000000   -0.09090909090909             1
