Automatically generated mesh
    1100
Reciprocal lattice
    0.00000000000000    0.00000000000000    0.00000000000000             1
    0.09090909090909    0.00000000000000    0.00000000000000             1
    0.18181818181818    0.00000000000000    0.00000000000000             1
    0.27272727272727    0.00000000000000    0.00000000000000             1
    0.36363636363637    0.00000000000000    0.00000000000000             1
    0.45454545454545    0.00000000000000    0.00000000000000             1
   -0.45454545454545    0.00000000000000    0.00000000000000             1
   -0.36363636363637    0.00000000000000    0.00000000000000             1
   -0.27272727272727    0.00000000000000    0.00000000000000             1
   -0.18181818181818    0.00000000000000    0.00000000000000             1
   -0.09090909090909    0.00000000000000    0.00000000000000             1
    0.00000000000000    0.10000000000000    0.00000000000000             1
    0.09090909090909    0.10000000000000    0.00000000000000             1
    0.18181818181818    0.10000000000000    0.00000000000000             1
    0.27272727272727    0.10000000000000    0.00000000000000             1
    0.36363636363637    0.10000000000000    0.00000000000000             1
    0.45454545454545    0.10000000000000    0.00000000000000             1
   -0.45454545454545    0.10000000000000    0.00000000000000             1
   -0.36363636363637    0.10000000000000    0.00000000000000             1
   -0.27272727272727    0.10000000000000    0.00000000000000             1
   -0.18181818181818    0.10000000000000    0.00000000000000             1
   -0.09090909090909    0.10000000000000    0.00000000000000             1
    0.00000000000000    0.20000000000000    0.00000000000000             1
    0.09090909090909    0.20000000000000    0.00000000000000             1
    0.18181818181818    0.20000000000000    0.00000000000000             1
    0.27272727272727    0.20000000000000    0.00000000000000             1
    0.36363636363637    0.20000000000000    0.00000000000000             1
    0.45454545454545    0.20000000000000    0.00000000000000             1
   -0.45454545454545    0.20000000000000    0.00000000000000             1
   -0.36363636363637    0.20000000000000    0.00000000000000             1
   -0.27272727272727    0.20000000000000    0.00000000000000             1
   -0.18181818181818    0.20000000000000    0.00000000000000             1
   -0.09090909090909    0.20000000000000    0.00000000000000             1
    0.00000000000000    0.30000000000000    0.00000000000000             1
    0.09090909090909    0.30000000000000    0.00000000000000             1
    0.18181818181818    0.30000000000000    0.00000000000000             1
    0.27272727272727    0.30000000000000    0.00000000000000             1
    0.36363636363637    0.30000000000000    0.00000000000000             1
    0.45454545454545    0.30000000000000    0.00000000000000             1
   -0.45454545454545    0.30000000000000    0.00000000000000             1
   -0.36363636363637    0.30000000000000    0.00000000000000             1
   -0.27272727272727    0.30000000000000    0.00000000000000             1
   -0.18181818181818    0.30000000000000    0.00000000000000             1
   -0.09090909090909    0.30000000000000    0.00000000000000             1
    0.00000000000000    0.40000000000000    0.00000000000000             1
    0.09090909090909    0.40000000000000    0.00000000000000             1
    0.18181818181818    0.40000000000000    0.00000000000000             1
    0.27272727272727    0.40000000000000    0.00000000000000             1
    0.36363636363637    0.40000000000000    0.00000000000000             1
    0.45454545454545    0.40000000000000    0.00000000000000             1
   -0.45454545454545    0.40000000000000    0.00000000000000             1
   -0.36363636363637    0.40000000000000    0.00000000000000             1
   -0.27272727272727    0.40000000000000    0.00000000000000             1
   -0.18181818181818    0.40000000000000    0.00000000000000             1
   -0.09090909090909    0.40000000000000    0.00000000000000             1
    0.00000000000000    0.50000000000000    0.00000000000000             1
    0.09090909090909    0.50000000000000    0.00000000000000             1
    0.18181818181818    0.50000000000000    0.00000000000000             1
    0.27272727272727    0.50000000000000    0.00000000000000             1
    0.36363636363637    0.50000000000000    0.00000000000000             1
    0.45454545454545    0.50000000000000    0.00000000000000             1
   -0.45454545454545    0.50000000000000    0.00000000000000             1
   -0.36363636363637    0.50000000000000    0.00000000000000             1
   -0.27272727272727    0.50000000000000    0.00000000000000             1
   -0.18181818181818    0.50000000000000    0.00000000000000             1
   -0.09090909090909    0.50000000000000    0.00000000000000             1
    0.00000000000000   -0.40000000000000   -0.00000000000000             1
    0.09090909090909   -0.40000000000000   -0.00000000000000             1
    0.18181818181818   -0.40000000000000   -0.00000000000000             1
    0.27272727272727   -0.40000000000000   -0.00000000000000             1
    0.36363636363637   -0.40000000000000   -0.00000000000000             1
    0.45454545454545   -0.40000000000000   -0.00000000000000             1
   -0.45454545454545   -0.40000000000000   -0.00000000000000             1
   -0.36363636363637   -0.40000000000000   -0.00000000000000             1
   -0.27272727272727   -0.40000000000000   -0.00000000000000             1
   -0.18181818181818   -0.40000000000000   -0.00000000000000             1
   -0.09090909090909   -0.40000000000000   -0.00000000000000             1
    0.00000000000000   -0.30000000000000   -0.00000000000000             1
    0.09090909090909   -0.30000000000000   -0.00000000000000             1
    0.18181818181818   -0.30000000000000   -0.00000000000000             1
    0.27272727272727   -0.30000000000000   -0.00000000000000             1
    0.36363636363637   -0.30000000000000   -0.00000000000000             1
    0.45454545454545   -0.30000000000000   -0.00000000000000             1
   -0.45454545454545   -0.30000000000000   -0.00000000000000             1
   -0.36363636363637   -0.30000000000000   -0.00000000000000             1
   -0.27272727272727   -0.30000000000000   -0.00000000000000             1
   -0.18181818181818   -0.30000000000000   -0.00000000000000             1
   -0.09090909090909   -0.30000000000000   -0.00000000000000             1
    0.00000000000000   -0.20000000000000    0.00000000000000             1
    0.09090909090909   -0.20000000000000    0.00000000000000             1
    0.18181818181818   -0.20000000000000    0.00000000000000             1
    0.27272727272727   -0.20000000000000    0.00000000000000             1
    0.36363636363637   -0.20000000000000    0.00000000000000             1
    0.45454545454545   -0.20000000000000    0.00000000000000             1
   -0.45454545454545   -0.20000000000000    0.00000000000000             1
   -0.36363636363637   -0.20000000000000    0.00000000000000             1
   -0.27272727272727   -0.20000000000000    0.00000000000000             1
   -0.18181818181818   -0.20000000000000    0.00000000000000             1
   -0.09090909090909   -0.20000000000000    0.00000000000000             1
    0.00000000000000   -0.10000000000000    0.00000000000000             1
    0.09090909090909   -0.10000000000000    0.00000000000000             1
    0.18181818181818   -0.10000000000000    0.00000000000000             1
    0.27272727272727   -0.10000000000000    0.00000000000000             1
    0.36363636363637   -0.10000000000000    0.00000000000000             1
    0.45454545454545   -0.10000000000000    0.00000000000000             1
   -0.45454545454545   -0.10000000000000    0.00000000000000             1
   -0.36363636363637   -0.10000000000000    0.00000000000000             1
   -0.27272727272727   -0.10000000000000    0.00000000000000             1
   -0.18181818181818   -0.10000000000000    0.00000000000000             1
   -0.09090909090909   -0.10000000000000    0.00000000000000             1
    0.00000000000000    0.00000000000000    0.10000000000000             1
    0.09090909090909    0.00000000000000    0.10000000000000             1
    0.18181818181818    0.00000000000000    0.10000000000000             1
    0.27272727272727    0.00000000000000    0.10000000000000             1
    0.36363636363637    0.00000000000000    0.10000000000000             1
    0.45454545454545    0.00000000000000    0.10000000000000             1
   -0.45454545454545    0.00000000000000    0.10000000000000             1
   -0.36363636363637    0.00000000000000    0.10000000000000             1
   -0.27272727272727    0.00000000000000    0.10000000000000             1
   -0.18181818181818    0.00000000000000    0.10000000000000             1
   -0.09090909090909    0.00000000000000    0.10000000000000             1
    0.00000000000000    0.10000000000000    0.10000000000000             1
    0.09090909090909    0.10000000000000    0.10000000000000             1
    0.18181818181818    0.10000000000000    0.10000000000000             1
    0.27272727272727    0.10000000000000    0.10000000000000             1
    0.36363636363637    0.10000000000000    0.10000000000000             1
    0.45454545454545    0.10000000000000    0.10000000000000             1
   -0.45454545454545    0.10000000000000    0.10000000000000             1
   -0.36363636363637    0.10000000000000    0.10000000000000             1
   -0.27272727272727    0.10000000000000    0.10000000000000             1
   -0.18181818181818    0.10000000000000    0.10000000000000             1
   -0.09090909090909    0.10000000000000    0.10000000000000             1
    0.00000000000000    0.20000000000000    0.10000000000000             1
    0.09090909090909    0.20000000000000    0.10000000000000             1
    0.18181818181818    0.20000000000000    0.10000000000000             1
    0.27272727272727    0.20000000000000    0.10000000000000             1
    0.36363636363637    0.20000000000000    0.10000000000000             1
    0.45454545454545    0.20000000000000    0.10000000000000             1
   -0.45454545454545    0.20000000000000    0.10000000000000             1
   -0.36363636363637    0.20000000000000    0.10000000000000             1
   -0.27272727272727    0.20000000000000    0.10000000000000             1
   -0.18181818181818    0.20000000000000    0.10000000000000             1
   -0.09090909090909    0.20000000000000    0.10000000000000             1
    0.00000000000000    0.30000000000000    0.10000000000000             1
    0.09090909090909    0.30000000000000    0.10000000000000             1
    0.18181818181818    0.30000000000000    0.10000000000000             1
    0.27272727272727    0.30000000000000    0.10000000000000             1
    0.36363636363637    0.30000000000000    0.10000000000000             1
    0.45454545454545    0.30000000000000    0.10000000000000             1
   -0.45454545454545    0.30000000000000    0.10000000000000             1
   -0.36363636363637    0.30000000000000    0.10000000000000             1
   -0.27272727272727    0.30000000000000    0.10000000000000             1
   -0.18181818181818    0.30000000000000    0.10000000000000             1
   -0.09090909090909    0.30000000000000    0.10000000000000             1
    0.00000000000000    0.40000000000000    0.10000000000000             1
    0.09090909090909    0.40000000000000    0.10000000000000             1
    0.18181818181818    0.40000000000000    0.10000000000000             1
    0.27272727272727    0.40000000000000    0.10000000000000             1
    0.36363636363637    0.40000000000000    0.10000000000000             1
    0.45454545454545    0.40000000000000    0.10000000000000             1
   -0.45454545454545    0.40000000000000    0.10000000000000             1
   -0.36363636363637    0.40000000000000    0.10000000000000             1
   -0.27272727272727    0.40000000000000    0.10000000000000             1
   -0.18181818181818    0.40000000000000    0.10000000000000             1
   -0.09090909090909    0.40000000000000    0.10000000000000             1
    0.00000000000000    0.50000000000000    0.10000000000000             1
    0.09090909090909    0.50000000000000    0.10000000000000             1
    0.18181818181818    0.50000000000000    0.10000000000000             1
    0.27272727272727    0.50000000000000    0.10000000000000             1
    0.36363636363637    0.50000000000000    0.10000000000000             1
    0.45454545454545    0.50000000000000    0.10000000000000             1
   -0.45454545454545    0.50000000000000    0.10000000000000             1
   -0.36363636363637    0.50000000000000    0.10000000000000             1
   -0.27272727272727    0.50000000000000    0.10000000000000             1
   -0.18181818181818    0.50000000000000    0.10000000000000             1
   -0.09090909090909    0.50000000000000    0.10000000000000             1
    0.00000000000000   -0.40000000000000    0.10000000000000             1
    0.09090909090909   -0.40000000000000    0.10000000000000             1
    0.18181818181818   -0.40000000000000    0.10000000000000             1
    0.27272727272727   -0.40000000000000    0.10000000000000             1
    0.36363636363637   -0.40000000000000    0.10000000000000             1
    0.45454545454545   -0.40000000000000    0.10000000000000             1
   -0.45454545454545   -0.40000000000000    0.10000000000000             1
   -0.36363636363637   -0.40000000000000    0.10000000000000             1
   -0.27272727272727   -0.40000000000000    0.10000000000000             1
   -0.18181818181818   -0.40000000000000    0.10000000000000             1
   -0.09090909090909   -0.40000000000000    0.10000000000000             1
    0.00000000000000   -0.30000000000000    0.10000000000000             1
    0.09090909090909   -0.30000000000000    0.10000000000000             1
    0.18181818181818   -0.30000000000000    0.10000000000000             1
    0.27272727272727   -0.30000000000000    0.10000000000000             1
    0.36363636363637   -0.30000000000000    0.10000000000000             1
    0.45454545454545   -0.30000000000000    0.10000000000000             1
   -0.45454545454545   -0.30000000000000    0.10000000000000             1
   -0.36363636363637   -0.30000000000000    0.10000000000000             1
   -0.27272727272727   -0.30000000000000    0.10000000000000             1
   -0.18181818181818   -0.30000000000000    0.10000000000000             1
   -0.09090909090909   -0.30000000000000    0.10000000000000             1
    0.00000000000000   -0.20000000000000    0.10000000000000             1
    0.09090909090909   -0.20000000000000    0.10000000000000             1
    0.18181818181818   -0.20000000000000    0.10000000000000             1
    0.27272727272727   -0.20000000000000    0.10000000000000             1
    0.36363636363637   -0.20000000000000    0.10000000000000             1
    0.45454545454545   -0.20000000000000    0.10000000000000             1
   -0.45454545454545   -0.20000000000000    0.10000000000000             1
   -0.36363636363637   -0.20000000000000    0.10000000000000             1
   -0.27272727272727   -0.20000000000000    0.10000000000000             1
   -0.18181818181818   -0.20000000000000    0.10000000000000             1
   -0.09090909090909   -0.20000000000000    0.10000000000000             1
    0.00000000000000   -0.10000000000000    0.10000000000000             1
    0.09090909090909   -0.10000000000000    0.10000000000000             1
    0.18181818181818   -0.10000000000000    0.10000000000000             1
    0.27272727272727   -0.10000000000000    0.10000000000000             1
    0.36363636363637   -0.10000000000000    0.10000000000000             1
    0.45454545454545   -0.10000000000000    0.10000000000000             1
   -0.45454545454545   -0.10000000000000    0.10000000000000             1
   -0.36363636363637   -0.10000000000000    0.10000000000000             1
   -0.27272727272727   -0.10000000000000    0.10000000000000             1
   -0.18181818181818   -0.10000000000000    0.10000000000000             1
   -0.09090909090909   -0.10000000000000    0.10000000000000             1
    0.00000000000000    0.00000000000000    0.20000000000000             1
    0.09090909090909    0.00000000000000    0.20000000000000             1
    0.18181818181818    0.00000000000000    0.20000000000000             1
    0.27272727272727    0.00000000000000    0.20000000000000             1
    0.36363636363637    0.00000000000000    0.20000000000000             1
    0.45454545454545    0.00000000000000    0.20000000000000             1
   -0.45454545454545    0.00000000000000    0.20000000000000             1
   -0.36363636363637    0.00000000000000    0.20000000000000             1
   -0.27272727272727    0.00000000000000    0.20000000000000             1
   -0.18181818181818    0.00000000000000    0.20000000000000             1
   -0.09090909090909    0.00000000000000    0.20000000000000             1
    0.00000000000000    0.10000000000000    0.20000000000000             1
    0.09090909090909    0.10000000000000    0.20000000000000             1
    0.18181818181818    0.10000000000000    0.20000000000000             1
    0.27272727272727    0.10000000000000    0.20000000000000             1
    0.36363636363637    0.10000000000000    0.20000000000000             1
    0.45454545454545    0.10000000000000    0.20000000000000             1
   -0.45454545454545    0.10000000000000    0.20000000000000             1
   -0.36363636363637    0.10000000000000    0.20000000000000             1
   -0.27272727272727    0.10000000000000    0.20000000000000             1
   -0.18181818181818    0.10000000000000    0.20000000000000             1
   -0.09090909090909    0.10000000000000    0.20000000000000             1
    0.00000000000000    0.20000000000000    0.20000000000000             1
    0.09090909090909    0.20000000000000    0.20000000000000             1
    0.18181818181818    0.20000000000000    0.20000000000000             1
    0.27272727272727    0.20000000000000    0.20000000000000             1
    0.36363636363637    0.20000000000000    0.20000000000000             1
    0.45454545454545    0.20000000000000    0.20000000000000             1
   -0.45454545454545    0.20000000000000    0.20000000000000             1
   -0.36363636363637    0.20000000000000    0.20000000000000             1
   -0.27272727272727    0.20000000000000    0.20000000000000             1
   -0.18181818181818    0.20000000000000    0.20000000000000             1
   -0.09090909090909    0.20000000000000    0.20000000000000             1
    0.00000000000000    0.30000000000000    0.20000000000000             1
    0.09090909090909    0.30000000000000    0.20000000000000             1
    0.18181818181818    0.30000000000000    0.20000000000000             1
    0.27272727272727    0.30000000000000    0.20000000000000             1
    0.36363636363637    0.30000000000000    0.20000000000000             1
    0.45454545454545    0.30000000000000    0.20000000000000             1
   -0.45454545454545    0.30000000000000    0.20000000000000             1
   -0.36363636363637    0.30000000000000    0.20000000000000             1
   -0.27272727272727    0.30000000000000    0.20000000000000             1
   -0.18181818181818    0.30000000000000    0.20000000000000             1
   -0.09090909090909    0.30000000000000    0.20000000000000             1
    0.00000000000000    0.40000000000000    0.20000000000000             1
    0.09090909090909    0.40000000000000    0.20000000000000             1
    0.18181818181818    0.40000000000000    0.20000000000000             1
    0.27272727272727    0.40000000000000    0.20000000000000             1
    0.36363636363637    0.40000000000000    0.20000000000000             1
    0.45454545454545    0.40000000000000    0.20000000000000             1
   -0.45454545454545    0.40000000000000    0.20000000000000             1
   -0.36363636363637    0.40000000000000    0.20000000000000             1
   -0.27272727272727    0.40000000000000    0.20000000000000             1
   -0.18181818181818    0.40000000000000    0.20000000000000             1
   -0.09090909090909    0.40000000000000    0.20000000000000             1
    0.00000000000000    0.50000000000000    0.20000000000000             1
    0.09090909090909    0.50000000000000    0.20000000000000             1
    0.18181818181818    0.50000000000000    0.20000000000000             1
    0.27272727272727    0.50000000000000    0.20000000000000             1
    0.36363636363637    0.50000000000000    0.20000000000000             1
    0.45454545454545    0.50000000000000    0.20000000000000             1
   -0.45454545454545    0.50000000000000    0.20000000000000             1
   -0.36363636363637    0.50000000000000    0.20000000000000             1
   -0.27272727272727    0.50000000000000    0.20000000000000             1
   -0.18181818181818    0.50000000000000    0.20000000000000             1
   -0.09090909090909    0.50000000000000    0.20000000000000             1
    0.00000000000000   -0.40000000000000    0.20000000000000             1
    0.09090909090909   -0.40000000000000    0.20000000000000             1
    0.18181818181818   -0.40000000000000    0.20000000000000             1
    0.27272727272727   -0.40000000000000    0.20000000000000             1
    0.36363636363637   -0.40000000000000    0.20000000000000             1
    0.45454545454545   -0.40000000000000    0.20000000000000             1
   -0.45454545454545   -0.40000000000000    0.20000000000000             1
   -0.36363636363637   -0.40000000000000    0.20000000000000             1
   -0.27272727272727   -0.40000000000000    0.20000000000000             1
   -0.18181818181818   -0.40000000000000    0.20000000000000             1
   -0.09090909090909   -0.40000000000000    0.20000000000000             1
    0.00000000000000   -0.30000000000000    0.20000000000000             1
    0.09090909090909   -0.30000000000000    0.20000000000000             1
    0.18181818181818   -0.30000000000000    0.20000000000000             1
    0.27272727272727   -0.30000000000000    0.20000000000000             1
    0.36363636363637   -0.30000000000000    0.20000000000000             1
    0.45454545454545   -0.30000000000000    0.20000000000000             1
   -0.45454545454545   -0.30000000000000    0.20000000000000             1
   -0.36363636363637   -0.30000000000000    0.20000000000000             1
   -0.27272727272727   -0.30000000000000    0.20000000000000             1
   -0.18181818181818   -0.30000000000000    0.20000000000000             1
   -0.09090909090909   -0.30000000000000    0.20000000000000             1
    0.00000000000000   -0.20000000000000    0.20000000000000             1
    0.09090909090909   -0.20000000000000    0.20000000000000             1
    0.18181818181818   -0.20000000000000    0.20000000000000             1
    0.27272727272727   -0.20000000000000    0.20000000000000             1
    0.36363636363637   -0.20000000000000    0.20000000000000             1
    0.45454545454545   -0.20000000000000    0.20000000000000             1
   -0.45454545454545   -0.20000000000000    0.20000000000000             1
   -0.36363636363637   -0.20000000000000    0.20000000000000             1
   -0.27272727272727   -0.20000000000000    0.20000000000000             1
   -0.18181818181818   -0.20000000000000    0.20000000000000             1
   -0.09090909090909   -0.20000000000000    0.20000000000000             1
    0.00000000000000   -0.10000000000000    0.20000000000000             1
    0.09090909090909   -0.10000000000000    0.20000000000000             1
    0.18181818181818   -0.10000000000000    0.20000000000000             1
    0.27272727272727   -0.10000000000000    0.20000000000000             1
    0.36363636363637   -0.10000000000000    0.20000000000000             1
    0.45454545454545   -0.10000000000000    0.20000000000000             1
   -0.45454545454545   -0.10000000000000    0.20000000000000             1
   -0.36363636363637   -0.10000000000000    0.20000000000000             1
   -0.27272727272727   -0.10000000000000    0.20000000000000             1
   -0.18181818181818   -0.10000000000000    0.20000000000000             1
   -0.09090909090909   -0.10000000000000    0.20000000000000             1
    0.00000000000000    0.00000000000000    0.30000000000000             1
    0.09090909090909    0.00000000000000    0.30000000000000             1
    0.18181818181818    0.00000000000000    0.30000000000000             1
    0.27272727272727    0.00000000000000    0.30000000000000             1
    0.36363636363637    0.00000000000000    0.30000000000000             1
    0.45454545454545    0.00000000000000    0.30000000000000             1
   -0.45454545454545    0.00000000000000    0.30000000000000             1
   -0.36363636363637    0.00000000000000    0.30000000000000             1
   -0.27272727272727    0.00000000000000    0.30000000000000             1
   -0.18181818181818    0.00000000000000    0.30000000000000             1
   -0.09090909090909    0.00000000000000    0.30000000000000             1
    0.00000000000000    0.10000000000000    0.30000000000000             1
    0.09090909090909    0.10000000000000    0.30000000000000             1
    0.18181818181818    0.10000000000000    0.30000000000000             1
    0.27272727272727    0.10000000000000    0.30000000000000             1
    0.36363636363637    0.10000000000000    0.30000000000000             1
    0.45454545454545    0.10000000000000    0.30000000000000             1
   -0.45454545454545    0.10000000000000    0.30000000000000             1
   -0.36363636363637    0.10000000000000    0.30000000000000             1
   -0.27272727272727    0.10000000000000    0.30000000000000             1
   -0.18181818181818    0.10000000000000    0.30000000000000             1
   -0.09090909090909    0.10000000000000    0.30000000000000             1
    0.00000000000000    0.20000000000000    0.30000000000000             1
    0.09090909090909    0.20000000000000    0.30000000000000             1
    0.18181818181818    0.20000000000000    0.30000000000000             1
    0.27272727272727    0.20000000000000    0.30000000000000             1
    0.36363636363637    0.20000000000000    0.30000000000000             1
    0.45454545454545    0.20000000000000    0.30000000000000             1
   -0.45454545454545    0.20000000000000    0.30000000000000             1
   -0.36363636363637    0.20000000000000    0.30000000000000             1
   -0.27272727272727    0.20000000000000    0.30000000000000             1
   -0.18181818181818    0.20000000000000    0.30000000000000             1
   -0.09090909090909    0.20000000000000    0.30000000000000             1
    0.00000000000000    0.30000000000000    0.30000000000000             1
    0.09090909090909    0.30000000000000    0.30000000000000             1
    0.18181818181818    0.30000000000000    0.30000000000000             1
    0.27272727272727    0.30000000000000    0.30000000000000             1
    0.36363636363637    0.30000000000000    0.30000000000000             1
    0.45454545454545    0.30000000000000    0.30000000000000             1
   -0.45454545454545    0.30000000000000    0.30000000000000             1
   -0.36363636363637    0.30000000000000    0.30000000000000             1
   -0.27272727272727    0.30000000000000    0.30000000000000             1
   -0.18181818181818    0.30000000000000    0.30000000000000             1
   -0.09090909090909    0.30000000000000    0.30000000000000             1
    0.00000000000000    0.40000000000000    0.30000000000000             1
    0.09090909090909    0.40000000000000    0.30000000000000             1
    0.18181818181818    0.40000000000000    0.30000000000000             1
    0.27272727272727    0.40000000000000    0.30000000000000             1
    0.36363636363637    0.40000000000000    0.30000000000000             1
    0.45454545454545    0.40000000000000    0.30000000000000             1
   -0.45454545454545    0.40000000000000    0.30000000000000             1
   -0.36363636363637    0.40000000000000    0.30000000000000             1
   -0.27272727272727    0.40000000000000    0.30000000000000             1
   -0.18181818181818    0.40000000000000    0.30000000000000             1
   -0.09090909090909    0.40000000000000    0.30000000000000             1
    0.00000000000000    0.50000000000000    0.30000000000000             1
    0.09090909090909    0.50000000000000    0.30000000000000             1
    0.18181818181818    0.50000000000000    0.30000000000000             1
    0.27272727272727    0.50000000000000    0.30000000000000             1
    0.36363636363637    0.50000000000000    0.30000000000000             1
    0.45454545454545    0.50000000000000    0.30000000000000             1
   -0.45454545454545    0.50000000000000    0.30000000000000             1
   -0.36363636363637    0.50000000000000    0.30000000000000             1
   -0.27272727272727    0.50000000000000    0.30000000000000             1
   -0.18181818181818    0.50000000000000    0.30000000000000             1
   -0.09090909090909    0.50000000000000    0.30000000000000             1
    0.00000000000000   -0.40000000000000    0.30000000000000             1
    0.09090909090909   -0.40000000000000    0.30000000000000             1
    0.18181818181818   -0.40000000000000    0.30000000000000             1
    0.27272727272727   -0.40000000000000    0.30000000000000             1
    0.36363636363637   -0.40000000000000    0.30000000000000             1
    0.45454545454545   -0.40000000000000    0.30000000000000             1
   -0.45454545454545   -0.40000000000000    0.30000000000000             1
   -0.36363636363637   -0.40000000000000    0.30000000000000             1
   -0.27272727272727   -0.40000000000000    0.30000000000000             1
   -0.18181818181818   -0.40000000000000    0.30000000000000             1
   -0.09090909090909   -0.40000000000000    0.30000000000000             1
    0.00000000000000   -0.30000000000000    0.30000000000000             1
    0.09090909090909   -0.30000000000000    0.30000000000000             1
    0.18181818181818   -0.30000000000000    0.30000000000000             1
    0.27272727272727   -0.30000000000000    0.30000000000000             1
    0.36363636363637   -0.30000000000000    0.30000000000000             1
    0.45454545454545   -0.30000000000000    0.30000000000000             1
   -0.45454545454545   -0.30000000000000    0.30000000000000             1
   -0.36363636363637   -0.30000000000000    0.30000000000000             1
   -0.27272727272727   -0.30000000000000    0.30000000000000             1
   -0.18181818181818   -0.30000000000000    0.30000000000000             1
   -0.09090909090909   -0.30000000000000    0.30000000000000             1
    0.00000000000000   -0.20000000000000    0.30000000000000             1
    0.09090909090909   -0.20000000000000    0.30000000000000             1
    0.18181818181818   -0.20000000000000    0.30000000000000             1
    0.27272727272727   -0.20000000000000    0.30000000000000             1
    0.36363636363637   -0.20000000000000    0.30000000000000             1
    0.45454545454545   -0.20000000000000    0.30000000000000             1
   -0.45454545454545   -0.20000000000000    0.30000000000000             1
   -0.36363636363637   -0.20000000000000    0.30000000000000             1
   -0.27272727272727   -0.20000000000000    0.30000000000000             1
   -0.18181818181818   -0.20000000000000    0.30000000000000             1
   -0.09090909090909   -0.20000000000000    0.30000000000000             1
    0.00000000000000   -0.10000000000000    0.30000000000000             1
    0.09090909090909   -0.10000000000000    0.30000000000000             1
    0.18181818181818   -0.10000000000000    0.30000000000000             1
    0.27272727272727   -0.10000000000000    0.30000000000000             1
    0.36363636363637   -0.10000000000000    0.30000000000000             1
    0.45454545454545   -0.10000000000000    0.30000000000000             1
   -0.45454545454545   -0.10000000000000    0.30000000000000             1
   -0.36363636363637   -0.10000000000000    0.30000000000000             1
   -0.27272727272727   -0.10000000000000    0.30000000000000             1
   -0.18181818181818   -0.10000000000000    0.30000000000000             1
   -0.09090909090909   -0.10000000000000    0.30000000000000             1
    0.00000000000000    0.00000000000000    0.40000000000000             1
    0.09090909090909    0.00000000000000    0.40000000000000             1
    0.18181818181818    0.00000000000000    0.40000000000000             1
    0.27272727272727    0.00000000000000    0.40000000000000             1
    0.36363636363637    0.00000000000000    0.40000000000000             1
    0.45454545454545    0.00000000000000    0.40000000000000             1
   -0.45454545454545    0.00000000000000    0.40000000000000             1
   -0.36363636363637    0.00000000000000    0.40000000000000             1
   -0.27272727272727    0.00000000000000    0.40000000000000             1
   -0.18181818181818    0.00000000000000    0.40000000000000             1
   -0.09090909090909    0.00000000000000    0.40000000000000             1
    0.00000000000000    0.10000000000000    0.40000000000000             1
    0.09090909090909    0.10000000000000    0.40000000000000             1
    0.18181818181818    0.10000000000000    0.40000000000000             1
    0.27272727272727    0.10000000000000    0.40000000000000             1
    0.36363636363637    0.10000000000000    0.40000000000000             1
    0.45454545454545    0.10000000000000    0.40000000000000             1
   -0.45454545454545    0.10000000000000    0.40000000000000             1
   -0.36363636363637    0.10000000000000    0.40000000000000             1
   -0.27272727272727    0.10000000000000    0.40000000000000             1
   -0.18181818181818    0.10000000000000    0.40000000000000             1
   -0.09090909090909    0.10000000000000    0.40000000000000             1
    0.00000000000000    0.20000000000000    0.40000000000000             1
    0.09090909090909    0.20000000000000    0.40000000000000             1
    0.18181818181818    0.20000000000000    0.40000000000000             1
    0.27272727272727    0.20000000000000    0.40000000000000             1
    0.36363636363637    0.20000000000000    0.40000000000000             1
    0.45454545454545    0.20000000000000    0.40000000000000             1
   -0.45454545454545    0.20000000000000    0.40000000000000             1
   -0.36363636363637    0.20000000000000    0.40000000000000             1
   -0.27272727272727    0.20000000000000    0.40000000000000             1
   -0.18181818181818    0.20000000000000    0.40000000000000             1
   -0.09090909090909    0.20000000000000    0.40000000000000             1
    0.00000000000000    0.30000000000000    0.40000000000000             1
    0.09090909090909    0.30000000000000    0.40000000000000             1
    0.18181818181818    0.30000000000000    0.40000000000000             1
    0.27272727272727    0.30000000000000    0.40000000000000             1
    0.36363636363637    0.30000000000000    0.40000000000000             1
    0.45454545454545    0.30000000000000    0.40000000000000             1
   -0.45454545454545    0.30000000000000    0.40000000000000             1
   -0.36363636363637    0.30000000000000    0.40000000000000             1
   -0.27272727272727    0.30000000000000    0.40000000000000             1
   -0.18181818181818    0.30000000000000    0.40000000000000             1
   -0.09090909090909    0.30000000000000    0.40000000000000             1
    0.00000000000000    0.40000000000000    0.40000000000000             1
    0.09090909090909    0.40000000000000    0.40000000000000             1
    0.18181818181818    0.40000000000000    0.40000000000000             1
    0.27272727272727    0.40000000000000    0.40000000000000             1
    0.36363636363637    0.40000000000000    0.40000000000000             1
    0.45454545454545    0.40000000000000    0.40000000000000             1
   -0.45454545454545    0.40000000000000    0.40000000000000             1
   -0.36363636363637    0.40000000000000    0.40000000000000             1
   -0.27272727272727    0.40000000000000    0.40000000000000             1
   -0.18181818181818    0.40000000000000    0.40000000000000             1
   -0.09090909090909    0.40000000000000    0.40000000000000             1
    0.00000000000000    0.50000000000000    0.40000000000000             1
    0.09090909090909    0.50000000000000    0.40000000000000             1
    0.18181818181818    0.50000000000000    0.40000000000000             1
    0.27272727272727    0.50000000000000    0.40000000000000             1
    0.36363636363637    0.50000000000000    0.40000000000000             1
    0.45454545454545    0.50000000000000    0.40000000000000             1
   -0.45454545454545    0.50000000000000    0.40000000000000             1
   -0.36363636363637    0.50000000000000    0.40000000000000             1
   -0.27272727272727    0.50000000000000    0.40000000000000             1
   -0.18181818181818    0.50000000000000    0.40000000000000             1
   -0.09090909090909    0.50000000000000    0.40000000000000             1
    0.00000000000000   -0.40000000000000    0.40000000000000             1
    0.09090909090909   -0.40000000000000    0.40000000000000             1
    0.18181818181818   -0.40000000000000    0.40000000000000             1
    0.27272727272727   -0.40000000000000    0.40000000000000             1
    0.36363636363637   -0.40000000000000    0.40000000000000             1
    0.45454545454545   -0.40000000000000    0.40000000000000             1
   -0.45454545454545   -0.40000000000000    0.40000000000000             1
   -0.36363636363637   -0.40000000000000    0.40000000000000             1
   -0.27272727272727   -0.40000000000000    0.40000000000000             1
   -0.18181818181818   -0.40000000000000    0.40000000000000             1
   -0.09090909090909   -0.40000000000000    0.40000000000000             1
    0.00000000000000   -0.30000000000000    0.40000000000000             1
    0.09090909090909   -0.30000000000000    0.40000000000000             1
    0.18181818181818   -0.30000000000000    0.40000000000000             1
    0.27272727272727   -0.30000000000000    0.40000000000000             1
    0.36363636363637   -0.30000000000000    0.40000000000000             1
    0.45454545454545   -0.30000000000000    0.40000000000000             1
   -0.45454545454545   -0.30000000000000    0.40000000000000             1
   -0.36363636363637   -0.30000000000000    0.40000000000000             1
   -0.27272727272727   -0.30000000000000    0.40000000000000             1
   -0.18181818181818   -0.30000000000000    0.40000000000000             1
   -0.09090909090909   -0.30000000000000    0.40000000000000             1
    0.00000000000000   -0.20000000000000    0.40000000000000             1
    0.09090909090909   -0.20000000000000    0.40000000000000             1
    0.18181818181818   -0.20000000000000    0.40000000000000             1
    0.27272727272727   -0.20000000000000    0.40000000000000             1
    0.36363636363637   -0.20000000000000    0.40000000000000             1
    0.45454545454545   -0.20000000000000    0.40000000000000             1
   -0.45454545454545   -0.20000000000000    0.40000000000000             1
   -0.36363636363637   -0.20000000000000    0.40000000000000             1
   -0.27272727272727   -0.20000000000000    0.40000000000000             1
   -0.18181818181818   -0.20000000000000    0.40000000000000             1
   -0.09090909090909   -0.20000000000000    0.40000000000000             1
    0.00000000000000   -0.10000000000000    0.40000000000000             1
    0.09090909090909   -0.10000000000000    0.40000000000000             1
    0.18181818181818   -0.10000000000000    0.40000000000000             1
    0.27272727272727   -0.10000000000000    0.40000000000000             1
    0.36363636363637   -0.10000000000000    0.40000000000000             1
    0.45454545454545   -0.10000000000000    0.40000000000000             1
   -0.45454545454545   -0.10000000000000    0.40000000000000             1
   -0.36363636363637   -0.10000000000000    0.40000000000000             1
   -0.27272727272727   -0.10000000000000    0.40000000000000             1
   -0.18181818181818   -0.10000000000000    0.40000000000000             1
   -0.09090909090909   -0.10000000000000    0.40000000000000             1
    0.00000000000000    0.00000000000000    0.50000000000000             1
    0.09090909090909    0.00000000000000    0.50000000000000             1
    0.18181818181818    0.00000000000000    0.50000000000000             1
    0.27272727272727    0.00000000000000    0.50000000000000             1
    0.36363636363637    0.00000000000000    0.50000000000000             1
    0.45454545454545    0.00000000000000    0.50000000000000             1
   -0.45454545454545    0.00000000000000    0.50000000000000             1
   -0.36363636363637    0.00000000000000    0.50000000000000             1
   -0.27272727272727    0.00000000000000    0.50000000000000             1
   -0.18181818181818    0.00000000000000    0.50000000000000             1
   -0.09090909090909    0.00000000000000    0.50000000000000             1
    0.00000000000000    0.10000000000000    0.50000000000000             1
    0.09090909090909    0.10000000000000    0.50000000000000             1
    0.18181818181818    0.10000000000000    0.50000000000000             1
    0.27272727272727    0.10000000000000    0.50000000000000             1
    0.36363636363637    0.10000000000000    0.50000000000000             1
    0.45454545454545    0.10000000000000    0.50000000000000             1
   -0.45454545454545    0.10000000000000    0.50000000000000             1
   -0.36363636363637    0.10000000000000    0.50000000000000             1
   -0.27272727272727    0.10000000000000    0.50000000000000             1
   -0.18181818181818    0.10000000000000    0.50000000000000             1
   -0.09090909090909    0.10000000000000    0.50000000000000             1
    0.00000000000000    0.20000000000000    0.50000000000000             1
    0.09090909090909    0.20000000000000    0.50000000000000             1
    0.18181818181818    0.20000000000000    0.50000000000000             1
    0.27272727272727    0.20000000000000    0.50000000000000             1
    0.36363636363637    0.20000000000000    0.50000000000000             1
    0.45454545454545    0.20000000000000    0.50000000000000             1
   -0.45454545454545    0.20000000000000    0.50000000000000             1
   -0.36363636363637    0.20000000000000    0.50000000000000             1
   -0.27272727272727    0.20000000000000    0.50000000000000             1
   -0.18181818181818    0.20000000000000    0.50000000000000             1
   -0.09090909090909    0.20000000000000    0.50000000000000             1
    0.00000000000000    0.30000000000000    0.50000000000000             1
    0.09090909090909    0.30000000000000    0.50000000000000             1
    0.18181818181818    0.30000000000000    0.50000000000000             1
    0.27272727272727    0.30000000000000    0.50000000000000             1
    0.36363636363637    0.30000000000000    0.50000000000000             1
    0.45454545454545    0.30000000000000    0.50000000000000             1
   -0.45454545454545    0.30000000000000    0.50000000000000             1
   -0.36363636363637    0.30000000000000    0.50000000000000             1
   -0.27272727272727    0.30000000000000    0.50000000000000             1
   -0.18181818181818    0.30000000000000    0.50000000000000             1
   -0.09090909090909    0.30000000000000    0.50000000000000             1
    0.00000000000000    0.40000000000000    0.50000000000000             1
    0.09090909090909    0.40000000000000    0.50000000000000             1
    0.18181818181818    0.40000000000000    0.50000000000000             1
    0.27272727272727    0.40000000000000    0.50000000000000             1
    0.36363636363637    0.40000000000000    0.50000000000000             1
    0.45454545454545    0.40000000000000    0.50000000000000             1
   -0.45454545454545    0.40000000000000    0.50000000000000             1
   -0.36363636363637    0.40000000000000    0.50000000000000             1
   -0.27272727272727    0.40000000000000    0.50000000000000             1
   -0.18181818181818    0.40000000000000    0.50000000000000             1
   -0.09090909090909    0.40000000000000    0.50000000000000             1
    0.00000000000000    0.50000000000000    0.50000000000000             1
    0.09090909090909    0.50000000000000    0.50000000000000             1
    0.18181818181818    0.50000000000000    0.50000000000000             1
    0.27272727272727    0.50000000000000    0.50000000000000             1
    0.36363636363637    0.50000000000000    0.50000000000000             1
    0.45454545454545    0.50000000000000    0.50000000000000             1
   -0.45454545454545    0.50000000000000    0.50000000000000             1
   -0.36363636363637    0.50000000000000    0.50000000000000             1
   -0.27272727272727    0.50000000000000    0.50000000000000             1
   -0.18181818181818    0.50000000000000    0.50000000000000             1
   -0.09090909090909    0.50000000000000    0.50000000000000             1
    0.00000000000000   -0.40000000000000    0.50000000000000             1
    0.09090909090909   -0.40000000000000    0.50000000000000             1
    0.18181818181818   -0.40000000000000    0.50000000000000             1
    0.27272727272727   -0.40000000000000    0.50000000000000             1
    0.36363636363637   -0.40000000000000    0.50000000000000             1
    0.45454545454545   -0.40000000000000    0.50000000000000             1
   -0.45454545454545   -0.40000000000000    0.50000000000000             1
   -0.36363636363637   -0.40000000000000    0.50000000000000             1
   -0.27272727272727   -0.40000000000000    0.50000000000000             1
   -0.18181818181818   -0.40000000000000    0.50000000000000             1
   -0.09090909090909   -0.40000000000000    0.50000000000000             1
    0.00000000000000   -0.30000000000000    0.50000000000000             1
    0.09090909090909   -0.30000000000000    0.50000000000000             1
    0.18181818181818   -0.30000000000000    0.50000000000000             1
    0.27272727272727   -0.30000000000000    0.50000000000000             1
    0.36363636363637   -0.30000000000000    0.50000000000000             1
    0.45454545454545   -0.30000000000000    0.50000000000000             1
   -0.45454545454545   -0.30000000000000    0.50000000000000             1
   -0.36363636363637   -0.30000000000000    0.50000000000000             1
   -0.27272727272727   -0.30000000000000    0.50000000000000             1
   -0.18181818181818   -0.30000000000000    0.50000000000000             1
   -0.09090909090909   -0.30000000000000    0.50000000000000             1
    0.00000000000000   -0.20000000000000    0.50000000000000             1
    0.09090909090909   -0.20000000000000    0.50000000000000             1
    0.18181818181818   -0.20000000000000    0.50000000000000             1
    0.27272727272727   -0.20000000000000    0.50000000000000             1
    0.36363636363637   -0.20000000000000    0.50000000000000             1
    0.45454545454545   -0.20000000000000    0.50000000000000             1
   -0.45454545454545   -0.20000000000000    0.50000000000000             1
   -0.36363636363637   -0.20000000000000    0.50000000000000             1
   -0.27272727272727   -0.20000000000000    0.50000000000000             1
   -0.18181818181818   -0.20000000000000    0.50000000000000             1
   -0.09090909090909   -0.20000000000000    0.50000000000000             1
    0.00000000000000   -0.10000000000000    0.50000000000000             1
    0.09090909090909   -0.10000000000000    0.50000000000000             1
    0.18181818181818   -0.10000000000000    0.50000000000000             1
    0.27272727272727   -0.10000000000000    0.50000000000000             1
    0.36363636363637   -0.10000000000000    0.50000000000000             1
    0.45454545454545   -0.10000000000000    0.50000000000000             1
   -0.45454545454545   -0.10000000000000    0.50000000000000             1
   -0.36363636363637   -0.10000000000000    0.50000000000000             1
   -0.27272727272727   -0.10000000000000    0.50000000000000             1
   -0.18181818181818   -0.10000000000000    0.50000000000000             1
   -0.09090909090909   -0.10000000000000    0.50000000000000             1
    0.00000000000000   -0.00000000000000   -0.40000000000000             1
    0.09090909090909   -0.00000000000000   -0.40000000000000             1
    0.18181818181818   -0.00000000000000   -0.40000000000000             1
    0.27272727272727   -0.00000000000000   -0.40000000000000             1
    0.36363636363637   -0.00000000000000   -0.40000000000000             1
    0.45454545454545   -0.00000000000000   -0.40000000000000             1
   -0.45454545454545   -0.00000000000000   -0.40000000000000             1
   -0.36363636363637   -0.00000000000000   -0.40000000000000             1
   -0.27272727272727   -0.00000000000000   -0.40000000000000             1
   -0.18181818181818   -0.00000000000000   -0.40000000000000             1
   -0.09090909090909   -0.00000000000000   -0.40000000000000             1
    0.00000000000000    0.10000000000000   -0.40000000000000             1
    0.09090909090909    0.10000000000000   -0.40000000000000             1
    0.18181818181818    0.10000000000000   -0.40000000000000             1
    0.27272727272727    0.10000000000000   -0.40000000000000             1
    0.36363636363637    0.10000000000000   -0.40000000000000             1
    0.45454545454545    0.10000000000000   -0.40000000000000             1
   -0.45454545454545    0.10000000000000   -0.40000000000000             1
   -0.36363636363637    0.10000000000000   -0.40000000000000             1
   -0.27272727272727    0.10000000000000   -0.40000000000000             1
   -0.18181818181818    0.10000000000000   -0.40000000000000             1
   -0.09090909090909    0.10000000000000   -0.40000000000000             1
    0.00000000000000    0.20000000000000   -0.40000000000000             1
    0.09090909090909    0.20000000000000   -0.40000000000000             1
    0.18181818181818    0.20000000000000   -0.40000000000000             1
    0.27272727272727    0.20000000000000   -0.40000000000000             1
    0.36363636363637    0.20000000000000   -0.40000000000000             1
    0.45454545454545    0.20000000000000   -0.40000000000000             1
   -0.45454545454545    0.20000000000000   -0.40000000000000             1
   -0.36363636363637    0.20000000000000   -0.40000000000000             1
   -0.27272727272727    0.20000000000000   -0.40000000000000             1
   -0.18181818181818    0.20000000000000   -0.40000000000000             1
   -0.09090909090909    0.20000000000000   -0.40000000000000             1
    0.00000000000000    0.30000000000000   -0.40000000000000             1
    0.09090909090909    0.30000000000000   -0.40000000000000             1
    0.18181818181818    0.30000000000000   -0.40000000000000             1
    0.27272727272727    0.30000000000000   -0.40000000000000             1
    0.36363636363637    0.30000000000000   -0.40000000000000             1
    0.45454545454545    0.30000000000000   -0.40000000000000             1
   -0.45454545454545    0.30000000000000   -0.40000000000000             1
   -0.36363636363637    0.30000000000000   -0.40000000000000             1
   -0.27272727272727    0.30000000000000   -0.40000000000000             1
   -0.18181818181818    0.30000000000000   -0.40000000000000             1
   -0.09090909090909    0.30000000000000   -0.40000000000000             1
    0.00000000000000    0.40000000000000   -0.40000000000000             1
    0.09090909090909    0.40000000000000   -0.40000000000000             1
    0.18181818181818    0.40000000000000   -0.40000000000000             1
    0.27272727272727    0.40000000000000   -0.40000000000000             1
    0.36363636363637    0.40000000000000   -0.40000000000000             1
    0.45454545454545    0.40000000000000   -0.40000000000000             1
   -0.45454545454545    0.40000000000000   -0.40000000000000             1
   -0.36363636363637    0.40000000000000   -0.40000000000000             1
   -0.27272727272727    0.40000000000000   -0.40000000000000             1
   -0.18181818181818    0.40000000000000   -0.40000000000000             1
   -0.09090909090909    0.40000000000000   -0.40000000000000             1
    0.00000000000000    0.50000000000000   -0.40000000000000             1
    0.09090909090909    0.50000000000000   -0.40000000000000             1
    0.18181818181818    0.50000000000000   -0.40000000000000             1
    0.27272727272727    0.50000000000000   -0.40000000000000             1
    0.36363636363637    0.50000000000000   -0.40000000000000             1
    0.45454545454545    0.50000000000000   -0.40000000000000             1
   -0.45454545454545    0.50000000000000   -0.40000000000000             1
   -0.36363636363637    0.50000000000000   -0.40000000000000             1
   -0.27272727272727    0.50000000000000   -0.40000000000000             1
   -0.18181818181818    0.50000000000000   -0.40000000000000             1
   -0.09090909090909    0.50000000000000   -0.40000000000000             1
    0.00000000000000   -0.40000000000000   -0.40000000000000             1
    0.09090909090909   -0.40000000000000   -0.40000000000000             1
    0.18181818181818   -0.40000000000000   -0.40000000000000             1
    0.27272727272727   -0.40000000000000   -0.40000000000000             1
    0.36363636363637   -0.40000000000000   -0.40000000000000             1
    0.45454545454545   -0.40000000000000   -0.40000000000000             1
   -0.45454545454545   -0.40000000000000   -0.40000000000000             1
   -0.36363636363637   -0.40000000000000   -0.40000000000000             1
   -0.27272727272727   -0.40000000000000   -0.40000000000000             1
   -0.18181818181818   -0.40000000000000   -0.40000000000000             1
   -0.09090909090909   -0.40000000000000   -0.40000000000000             1
    0.00000000000000   -0.30000000000000   -0.40000000000000             1
    0.09090909090909   -0.30000000000000   -0.40000000000000             1
    0.18181818181818   -0.30000000000000   -0.40000000000000             1
    0.27272727272727   -0.30000000000000   -0.40000000000000             1
    0.36363636363637   -0.30000000000000   -0.40000000000000             1
    0.45454545454545   -0.30000000000000   -0.40000000000000             1
   -0.45454545454545   -0.30000000000000   -0.40000000000000             1
   -0.36363636363637   -0.30000000000000   -0.40000000000000             1
   -0.27272727272727   -0.30000000000000   -0.40000000000000             1
   -0.18181818181818   -0.30000000000000   -0.40000000000000             1
   -0.09090909090909   -0.30000000000000   -0.40000000000000             1
    0.00000000000000   -0.20000000000000   -0.40000000000000             1
    0.09090909090909   -0.20000000000000   -0.40000000000000             1
    0.18181818181818   -0.20000000000000   -0.40000000000000             1
    0.27272727272727   -0.20000000000000   -0.40000000000000             1
    0.36363636363637   -0.20000000000000   -0.40000000000000             1
    0.45454545454545   -0.20000000000000   -0.40000000000000             1
   -0.45454545454545   -0.20000000000000   -0.40000000000000             1
   -0.36363636363637   -0.20000000000000   -0.40000000000000             1
   -0.27272727272727   -0.20000000000000   -0.40000000000000             1
   -0.18181818181818   -0.20000000000000   -0.40000000000000             1
   -0.09090909090909   -0.20000000000000   -0.40000000000000             1
    0.00000000000000   -0.10000000000000   -0.40000000000000             1
    0.09090909090909   -0.10000000000000   -0.40000000000000             1
    0.18181818181818   -0.10000000000000   -0.40000000000000             1
    0.27272727272727   -0.10000000000000   -0.40000000000000             1
    0.36363636363637   -0.10000000000000   -0.40000000000000             1
    0.45454545454545   -0.10000000000000   -0.40000000000000             1
   -0.45454545454545   -0.10000000000000   -0.40000000000000             1
   -0.36363636363637   -0.10000000000000   -0.40000000000000             1
   -0.27272727272727   -0.10000000000000   -0.40000000000000             1
   -0.18181818181818   -0.10000000000000   -0.40000000000000             1
   -0.09090909090909   -0.10000000000000   -0.40000000000000             1
    0.00000000000000   -0.00000000000000   -0.30000000000000             1
    0.09090909090909   -0.00000000000000   -0.30000000000000             1
    0.18181818181818   -0.00000000000000   -0.30000000000000             1
    0.27272727272727   -0.00000000000000   -0.30000000000000             1
    0.36363636363637   -0.00000000000000   -0.30000000000000             1
    0.45454545454545   -0.00000000000000   -0.30000000000000             1
   -0.45454545454545   -0.00000000000000   -0.30000000000000             1
   -0.36363636363637   -0.00000000000000   -0.30000000000000             1
   -0.27272727272727   -0.00000000000000   -0.30000000000000             1
   -0.18181818181818   -0.00000000000000   -0.30000000000000             1
   -0.09090909090909   -0.00000000000000   -0.30000000000000             1
    0.00000000000000    0.10000000000000   -0.30000000000000             1
    0.09090909090909    0.10000000000000   -0.30000000000000             1
    0.18181818181818    0.10000000000000   -0.30000000000000             1
    0.27272727272727    0.10000000000000   -0.30000000000000             1
    0.36363636363637    0.10000000000000   -0.30000000000000             1
    0.45454545454545    0.10000000000000   -0.30000000000000             1
   -0.45454545454545    0.10000000000000   -0.30000000000000             1
   -0.36363636363637    0.10000000000000   -0.30000000000000             1
   -0.27272727272727    0.10000000000000   -0.30000000000000             1
   -0.18181818181818    0.10000000000000   -0.30000000000000             1
   -0.09090909090909    0.10000000000000   -0.30000000000000             1
    0.00000000000000    0.20000000000000   -0.30000000000000             1
    0.09090909090909    0.20000000000000   -0.30000000000000             1
    0.18181818181818    0.20000000000000   -0.30000000000000             1
    0.27272727272727    0.20000000000000   -0.30000000000000             1
    0.36363636363637    0.20000000000000   -0.30000000000000             1
    0.45454545454545    0.20000000000000   -0.30000000000000             1
   -0.45454545454545    0.20000000000000   -0.30000000000000             1
   -0.36363636363637    0.20000000000000   -0.30000000000000             1
   -0.27272727272727    0.20000000000000   -0.30000000000000             1
   -0.18181818181818    0.20000000000000   -0.30000000000000             1
   -0.09090909090909    0.20000000000000   -0.30000000000000             1
    0.00000000000000    0.30000000000000   -0.30000000000000             1
    0.09090909090909    0.30000000000000   -0.30000000000000             1
    0.18181818181818    0.30000000000000   -0.30000000000000             1
    0.27272727272727    0.30000000000000   -0.30000000000000             1
    0.36363636363637    0.30000000000000   -0.30000000000000             1
    0.45454545454545    0.30000000000000   -0.30000000000000             1
   -0.45454545454545    0.30000000000000   -0.30000000000000             1
   -0.36363636363637    0.30000000000000   -0.30000000000000             1
   -0.27272727272727    0.30000000000000   -0.30000000000000             1
   -0.18181818181818    0.30000000000000   -0.30000000000000             1
   -0.09090909090909    0.30000000000000   -0.30000000000000             1
    0.00000000000000    0.40000000000000   -0.30000000000000             1
    0.09090909090909    0.40000000000000   -0.30000000000000             1
    0.18181818181818    0.40000000000000   -0.30000000000000             1
    0.27272727272727    0.40000000000000   -0.30000000000000             1
    0.36363636363637    0.40000000000000   -0.30000000000000             1
    0.45454545454545    0.40000000000000   -0.30000000000000             1
   -0.45454545454545    0.40000000000000   -0.30000000000000             1
   -0.36363636363637    0.40000000000000   -0.30000000000000             1
   -0.27272727272727    0.40000000000000   -0.30000000000000             1
   -0.18181818181818    0.40000000000000   -0.30000000000000             1
   -0.09090909090909    0.40000000000000   -0.30000000000000             1
    0.00000000000000    0.50000000000000   -0.30000000000000             1
    0.09090909090909    0.50000000000000   -0.30000000000000             1
    0.18181818181818    0.50000000000000   -0.30000000000000             1
    0.27272727272727    0.50000000000000   -0.30000000000000             1
    0.36363636363637    0.50000000000000   -0.30000000000000             1
    0.45454545454545    0.50000000000000   -0.30000000000000             1
   -0.45454545454545    0.50000000000000   -0.30000000000000             1
   -0.36363636363637    0.50000000000000   -0.30000000000000             1
   -0.27272727272727    0.50000000000000   -0.30000000000000             1
   -0.18181818181818    0.50000000000000   -0.30000000000000             1
   -0.09090909090909    0.50000000000000   -0.30000000000000             1
    0.00000000000000   -0.40000000000000   -0.30000000000000             1
    0.09090909090909   -0.40000000000000   -0.30000000000000             1
    0.18181818181818   -0.40000000000000   -0.30000000000000             1
    0.27272727272727   -0.40000000000000   -0.30000000000000             1
    0.36363636363637   -0.40000000000000   -0.30000000000000             1
    0.45454545454545   -0.40000000000000   -0.30000000000000             1
   -0.45454545454545   -0.40000000000000   -0.30000000000000             1
   -0.36363636363637   -0.40000000000000   -0.30000000000000             1
   -0.27272727272727   -0.40000000000000   -0.30000000000000             1
   -0.18181818181818   -0.40000000000000   -0.30000000000000             1
   -0.09090909090909   -0.40000000000000   -0.30000000000000             1
    0.00000000000000   -0.30000000000000   -0.30000000000000             1
    0.09090909090909   -0.30000000000000   -0.30000000000000             1
    0.18181818181818   -0.30000000000000   -0.30000000000000             1
    0.27272727272727   -0.30000000000000   -0.30000000000000             1
    0.36363636363637   -0.30000000000000   -0.30000000000000             1
    0.45454545454545   -0.30000000000000   -0.30000000000000             1
   -0.45454545454545   -0.30000000000000   -0.30000000000000             1
   -0.36363636363637   -0.30000000000000   -0.30000000000000             1
   -0.27272727272727   -0.30000000000000   -0.30000000000000             1
   -0.18181818181818   -0.30000000000000   -0.30000000000000             1
   -0.09090909090909   -0.30000000000000   -0.30000000000000             1
    0.00000000000000   -0.20000000000000   -0.30000000000000             1
    0.09090909090909   -0.20000000000000   -0.30000000000000             1
    0.18181818181818   -0.20000000000000   -0.30000000000000             1
    0.27272727272727   -0.20000000000000   -0.30000000000000             1
    0.36363636363637   -0.20000000000000   -0.30000000000000             1
    0.45454545454545   -0.20000000000000   -0.30000000000000             1
   -0.45454545454545   -0.20000000000000   -0.30000000000000             1
   -0.36363636363637   -0.20000000000000   -0.30000000000000             1
   -0.27272727272727   -0.20000000000000   -0.30000000000000             1
   -0.18181818181818   -0.20000000000000   -0.30000000000000             1
   -0.09090909090909   -0.20000000000000   -0.30000000000000             1
    0.00000000000000   -0.10000000000000   -0.30000000000000             1
    0.09090909090909   -0.10000000000000   -0.30000000000000             1
    0.18181818181818   -0.10000000000000   -0.30000000000000             1
    0.27272727272727   -0.10000000000000   -0.30000000000000             1
    0.36363636363637   -0.10000000000000   -0.30000000000000             1
    0.45454545454545   -0.10000000000000   -0.30000000000000             1
   -0.45454545454545   -0.10000000000000   -0.30000000000000             1
   -0.36363636363637   -0.10000000000000   -0.30000000000000             1
   -0.27272727272727   -0.10000000000000   -0.30000000000000             1
   -0.18181818181818   -0.10000000000000   -0.30000000000000             1
   -0.09090909090909   -0.10000000000000   -0.30000000000000             1
    0.00000000000000    0.00000000000000   -0.20000000000000             1
    0.09090909090909    0.00000000000000   -0.20000000000000             1
    0.18181818181818    0.00000000000000   -0.20000000000000             1
    0.27272727272727    0.00000000000000   -0.20000000000000             1
    0.36363636363637    0.00000000000000   -0.20000000000000             1
    0.45454545454545    0.00000000000000   -0.20000000000000             1
   -0.45454545454545    0.00000000000000   -0.20000000000000             1
   -0.36363636363637    0.00000000000000   -0.20000000000000             1
   -0.27272727272727    0.00000000000000   -0.20000000000000             1
   -0.18181818181818    0.00000000000000   -0.20000000000000             1
   -0.09090909090909    0.00000000000000   -0.20000000000000             1
    0.00000000000000    0.10000000000000   -0.20000000000000             1
    0.09090909090909    0.10000000000000   -0.20000000000000             1
    0.18181818181818    0.10000000000000   -0.20000000000000             1
    0.27272727272727    0.10000000000000   -0.20000000000000             1
    0.36363636363637    0.10000000000000   -0.20000000000000             1
    0.45454545454545    0.10000000000000   -0.20000000000000             1
   -0.45454545454545    0.10000000000000   -0.20000000000000             1
   -0.36363636363637    0.10000000000000   -0.20000000000000             1
   -0.27272727272727    0.10000000000000   -0.20000000000000             1
   -0.18181818181818    0.10000000000000   -0.20000000000000             1
   -0.09090909090909    0.10000000000000   -0.20000000000000             1
    0.00000000000000    0.20000000000000   -0.20000000000000             1
    0.09090909090909    0.20000000000000   -0.20000000000000             1
    0.18181818181818    0.20000000000000   -0.20000000000000             1
    0.27272727272727    0.20000000000000   -0.20000000000000             1
    0.36363636363637    0.20000000000000   -0.20000000000000             1
    0.45454545454545    0.20000000000000   -0.20000000000000             1
   -0.45454545454545    0.20000000000000   -0.20000000000000             1
   -0.36363636363637    0.20000000000000   -0.20000000000000             1
   -0.27272727272727    0.20000000000000   -0.20000000000000             1
   -0.18181818181818    0.20000000000000   -0.20000000000000             1
   -0.09090909090909    0.20000000000000   -0.20000000000000             1
    0.00000000000000    0.30000000000000   -0.20000000000000             1
    0.09090909090909    0.30000000000000   -0.20000000000000             1
    0.18181818181818    0.30000000000000   -0.20000000000000             1
    0.27272727272727    0.30000000000000   -0.20000000000000             1
    0.36363636363637    0.30000000000000   -0.20000000000000             1
    0.45454545454545    0.30000000000000   -0.20000000000000             1
   -0.45454545454545    0.30000000000000   -0.20000000000000             1
   -0.36363636363637    0.30000000000000   -0.20000000000000             1
   -0.27272727272727    0.30000000000000   -0.20000000000000             1
   -0.18181818181818    0.30000000000000   -0.20000000000000             1
   -0.09090909090909    0.30000000000000   -0.20000000000000             1
    0.00000000000000    0.40000000000000   -0.20000000000000             1
    0.09090909090909    0.40000000000000   -0.20000000000000             1
    0.18181818181818    0.40000000000000   -0.20000000000000             1
    0.27272727272727    0.40000000000000   -0.20000000000000             1
    0.36363636363637    0.40000000000000   -0.20000000000000             1
    0.45454545454545    0.40000000000000   -0.20000000000000             1
   -0.45454545454545    0.40000000000000   -0.20000000000000             1
   -0.36363636363637    0.40000000000000   -0.20000000000000             1
   -0.27272727272727    0.40000000000000   -0.20000000000000             1
   -0.18181818181818    0.40000000000000   -0.20000000000000             1
   -0.09090909090909    0.40000000000000   -0.20000000000000             1
    0.00000000000000    0.50000000000000   -0.20000000000000             1
    0.09090909090909    0.50000000000000   -0.20000000000000             1
    0.18181818181818    0.50000000000000   -0.20000000000000             1
    0.27272727272727    0.50000000000000   -0.20000000000000             1
    0.36363636363637    0.50000000000000   -0.20000000000000             1
    0.45454545454545    0.50000000000000   -0.20000000000000             1
   -0.45454545454545    0.50000000000000   -0.20000000000000             1
   -0.36363636363637    0.50000000000000   -0.20000000000000             1
   -0.27272727272727    0.50000000000000   -0.20000000000000             1
   -0.18181818181818    0.50000000000000   -0.20000000000000             1
   -0.09090909090909    0.50000000000000   -0.20000000000000             1
    0.00000000000000   -0.40000000000000   -0.20000000000000             1
    0.09090909090909   -0.40000000000000   -0.20000000000000             1
    0.18181818181818   -0.40000000000000   -0.20000000000000             1
    0.27272727272727   -0.40000000000000   -0.20000000000000             1
    0.36363636363637   -0.40000000000000   -0.20000000000000             1
    0.45454545454545   -0.40000000000000   -0.20000000000000             1
   -0.45454545454545   -0.40000000000000   -0.20000000000000             1
   -0.36363636363637   -0.40000000000000   -0.20000000000000             1
   -0.27272727272727   -0.40000000000000   -0.20000000000000             1
   -0.18181818181818   -0.40000000000000   -0.20000000000000             1
   -0.09090909090909   -0.40000000000000   -0.20000000000000             1
    0.00000000000000   -0.30000000000000   -0.20000000000000             1
    0.09090909090909   -0.30000000000000   -0.20000000000000             1
    0.18181818181818   -0.30000000000000   -0.20000000000000             1
    0.27272727272727   -0.30000000000000   -0.20000000000000             1
    0.36363636363637   -0.30000000000000   -0.20000000000000             1
    0.45454545454545   -0.30000000000000   -0.20000000000000             1
   -0.45454545454545   -0.30000000000000   -0.20000000000000             1
   -0.36363636363637   -0.30000000000000   -0.20000000000000             1
   -0.27272727272727   -0.30000000000000   -0.20000000000000             1
   -0.18181818181818   -0.30000000000000   -0.20000000000000             1
   -0.09090909090909   -0.30000000000000   -0.20000000000000             1
    0.00000000000000   -0.20000000000000   -0.20000000000000             1
    0.09090909090909   -0.20000000000000   -0.20000000000000             1
    0.18181818181818   -0.20000000000000   -0.20000000000000             1
    0.27272727272727   -0.20000000000000   -0.20000000000000             1
    0.36363636363637   -0.20000000000000   -0.20000000000000             1
    0.45454545454545   -0.20000000000000   -0.20000000000000             1
   -0.45454545454545   -0.20000000000000   -0.20000000000000             1
   -0.36363636363637   -0.20000000000000   -0.20000000000000             1
   -0.27272727272727   -0.20000000000000   -0.20000000000000             1
   -0.18181818181818   -0.20000000000000   -0.20000000000000             1
   -0.09090909090909   -0.20000000000000   -0.20000000000000             1
    0.00000000000000   -0.10000000000000   -0.20000000000000             1
    0.09090909090909   -0.10000000000000   -0.20000000000000             1
    0.18181818181818   -0.10000000000000   -0.20000000000000             1
    0.27272727272727   -0.10000000000000   -0.20000000000000             1
    0.36363636363637   -0.10000000000000   -0.20000000000000             1
    0.45454545454545   -0.10000000000000   -0.20000000000000             1
   -0.45454545454545   -0.10000000000000   -0.20000000000000             1
   -0.36363636363637   -0.10000000000000   -0.20000000000000             1
   -0.27272727272727   -0.10000000000000   -0.20000000000000             1
   -0.18181818181818   -0.10000000000000   -0.20000000000000             1
   -0.09090909090909   -0.10000000000000   -0.20000000000000             1
    0.00000000000000    0.00000000000000   -0.10000000000000             1
    0.09090909090909    0.00000000000000   -0.10000000000000             1
    0.18181818181818    0.00000000000000   -0.10000000000000             1
    0.27272727272727    0.00000000000000   -0.10000000000000             1
    0.36363636363637    0.00000000000000   -0.10000000000000             1
    0.45454545454545    0.00000000000000   -0.10000000000000             1
   -0.45454545454545    0.00000000000000   -0.10000000000000             1
   -0.36363636363637    0.00000000000000   -0.10000000000000             1
   -0.27272727272727    0.00000000000000   -0.10000000000000             1
   -0.18181818181818    0.00000000000000   -0.10000000000000             1
   -0.09090909090909    0.00000000000000   -0.10000000000000             1
    0.00000000000000    0.10000000000000   -0.10000000000000             1
    0.09090909090909    0.10000000000000   -0.10000000000000             1
    0.18181818181818    0.10000000000000   -0.10000000000000             1
    0.27272727272727    0.10000000000000   -0.10000000000000             1
    0.36363636363637    0.10000000000000   -0.10000000000000             1
    0.45454545454545    0.10000000000000   -0.10000000000000             1
   -0.45454545454545    0.10000000000000   -0.10000000000000             1
   -0.36363636363637    0.10000000000000   -0.10000000000000             1
   -0.27272727272727    0.10000000000000   -0.10000000000000             1
   -0.18181818181818    0.10000000000000   -0.10000000000000             1
   -0.09090909090909    0.10000000000000   -0.10000000000000             1
    0.00000000000000    0.20000000000000   -0.10000000000000             1
    0.09090909090909    0.20000000000000   -0.10000000000000             1
    0.18181818181818    0.20000000000000   -0.10000000000000             1
    0.27272727272727    0.20000000000000   -0.10000000000000             1
    0.36363636363637    0.20000000000000   -0.10000000000000             1
    0.45454545454545    0.20000000000000   -0.10000000000000             1
   -0.45454545454545    0.20000000000000   -0.10000000000000             1
   -0.36363636363637    0.20000000000000   -0.10000000000000             1
   -0.27272727272727    0.20000000000000   -0.10000000000000             1
   -0.18181818181818    0.20000000000000   -0.10000000000000             1
   -0.09090909090909    0.20000000000000   -0.10000000000000             1
    0.00000000000000    0.30000000000000   -0.10000000000000             1
    0.09090909090909    0.30000000000000   -0.10000000000000             1
    0.18181818181818    0.30000000000000   -0.10000000000000             1
    0.27272727272727    0.30000000000000   -0.10000000000000             1
    0.36363636363637    0.30000000000000   -0.10000000000000             1
    0.45454545454545    0.30000000000000   -0.10000000000000             1
   -0.45454545454545    0.30000000000000   -0.10000000000000             1
   -0.36363636363637    0.30000000000000   -0.10000000000000             1
   -0.27272727272727    0.30000000000000   -0.10000000000000             1
   -0.18181818181818    0.30000000000000   -0.10000000000000             1
   -0.09090909090909    0.30000000000000   -0.10000000000000             1
    0.00000000000000    0.40000000000000   -0.10000000000000             1
    0.09090909090909    0.40000000000000   -0.10000000000000             1
    0.18181818181818    0.40000000000000   -0.10000000000000             1
    0.27272727272727    0.40000000000000   -0.10000000000000             1
    0.36363636363637    0.40000000000000   -0.10000000000000             1
    0.45454545454545    0.40000000000000   -0.10000000000000             1
   -0.45454545454545    0.40000000000000   -0.10000000000000             1
   -0.36363636363637    0.40000000000000   -0.10000000000000             1
   -0.27272727272727    0.40000000000000   -0.10000000000000             1
   -0.18181818181818    0.40000000000000   -0.10000000000000             1
   -0.09090909090909    0.40000000000000   -0.10000000000000             1
    0.00000000000000    0.50000000000000   -0.10000000000000             1
    0.09090909090909    0.50000000000000   -0.10000000000000             1
    0.18181818181818    0.50000000000000   -0.10000000000000             1
    0.27272727272727    0.50000000000000   -0.10000000000000             1
    0.36363636363637    0.50000000000000   -0.10000000000000             1
    0.45454545454545    0.50000000000000   -0.10000000000000             1
   -0.45454545454545    0.50000000000000   -0.10000000000000             1
   -0.36363636363637    0.50000000000000   -0.10000000000000             1
   -0.27272727272727    0.50000000000000   -0.10000000000000             1
   -0.18181818181818    0.50000000000000   -0.10000000000000             1
   -0.09090909090909    0.50000000000000   -0.10000000000000             1
    0.00000000000000   -0.40000000000000   -0.10000000000000             1
    0.09090909090909   -0.40000000000000   -0.10000000000000             1
    0.18181818181818   -0.40000000000000   -0.10000000000000             1
    0.27272727272727   -0.40000000000000   -0.10000000000000             1
    0.36363636363637   -0.40000000000000   -0.10000000000000             1
    0.45454545454545   -0.40000000000000   -0.10000000000000             1
   -0.45454545454545   -0.40000000000000   -0.10000000000000             1
   -0.36363636363637   -0.40000000000000   -0.10000000000000             1
   -0.27272727272727   -0.40000000000000   -0.10000000000000             1
   -0.18181818181818   -0.40000000000000   -0.10000000000000             1
   -0.09090909090909   -0.40000000000000   -0.10000000000000             1
    0.00000000000000   -0.30000000000000   -0.10000000000000             1
    0.09090909090909   -0.30000000000000   -0.10000000000000             1
    0.18181818181818   -0.30000000000000   -0.10000000000000             1
    0.27272727272727   -0.30000000000000   -0.10000000000000             1
    0.36363636363637   -0.30000000000000   -0.10000000000000             1
    0.45454545454545   -0.30000000000000   -0.10000000000000             1
   -0.45454545454545   -0.30000000000000   -0.10000000000000             1
   -0.36363636363637   -0.30000000000000   -0.10000000000000             1
   -0.27272727272727   -0.30000000000000   -0.10000000000000             1
   -0.18181818181818   -0.30000000000000   -0.10000000000000             1
   -0.09090909090909   -0.30000000000000   -0.10000000000000             1
    0.00000000000000   -0.20000000000000   -0.10000000000000             1
    0.09090909090909   -0.20000000000000   -0.10000000000000             1
    0.18181818181818   -0.20000000000000   -0.10000000000000             1
    0.27272727272727   -0.20000000000000   -0.10000000000000             1
    0.36363636363637   -0.20000000000000   -0.10000000000000             1
    0.45454545454545   -0.20000000000000   -0.10000000000000             1
   -0.45454545454545   -0.20000000000000   -0.10000000000000             1
   -0.36363636363637   -0.20000000000000   -0.10000000000000             1
   -0.27272727272727   -0.20000000000000   -0.10000000000000             1
   -0.18181818181818   -0.20000000000000   -0.10000000000000             1
   -0.09090909090909   -0.20000000000000   -0.10000000000000             1
    0.00000000000000   -0.10000000000000   -0.10000000000000             1
    0.09090909090909   -0.10000000000000   -0.10000000000000             1
    0.18181818181818   -0.10000000000000   -0.10000000000000             1
    0.27272727272727   -0.10000000000000   -0.10000000000000             1
    0.36363636363637   -0.10000000000000   -0.10000000000000             1
    0.45454545454545   -0.10000000000000   -0.10000000000000             1
   -0.45454545454545   -0.10000000000000   -0.10000000000000             1
   -0.36363636363637   -0.10000000000000   -0.10000000000000             1
   -0.27272727272727   -0.10000000000000   -0.10000000000000             1
   -0.18181818181818   -0.10000000000000   -0.10000000000000             1
   -0.09090909090909   -0.10000000000000   -0.10000000000000             1
