Automatically generated mesh
     486
Reciprocal lattice
    0.00000000000000    0.00000000000000    0.00000000000000             1
    0.11111111111111    0.00000000000000    0.00000000000000             1
    0.22222222222222    0.00000000000000    0.00000000000000             1
    0.33333333333334    0.00000000000000    0.00000000000000             1
    0.44444444444444    0.00000000000000    0.00000000000000             1
   -0.44444444444444    0.00000000000000    0.00000000000000             1
   -0.33333333333334    0.00000000000000    0.00000000000000             1
   -0.22222222222222    0.00000000000000    0.00000000000000             1
   -0.11111111111111   -0.00000000000000    0.00000000000000             1
    0.00000000000000    0.11111111111111    0.00000000000000             1
    0.11111111111111    0.11111111111111    0.00000000000000             1
    0.22222222222222    0.11111111111111    0.00000000000000             1
    0.33333333333334    0.11111111111111    0.00000000000000             1
    0.44444444444444    0.11111111111111    0.00000000000000             1
   -0.44444444444444    0.11111111111111    0.00000000000000             1
   -0.33333333333334    0.11111111111111    0.00000000000000             1
   -0.22222222222222    0.11111111111111    0.00000000000000             1
   -0.11111111111111    0.11111111111111    0.00000000000000             1
    0.00000000000000    0.22222222222222    0.00000000000000             1
    0.11111111111111    0.22222222222222    0.00000000000000             1
    0.22222222222222    0.22222222222222    0.00000000000000             1
    0.33333333333334    0.22222222222222    0.00000000000000             1
    0.44444444444444    0.22222222222222    0.00000000000000             1
   -0.44444444444444    0.22222222222222    0.00000000000000             1
   -0.33333333333334    0.22222222222222    0.00000000000000             1
   -0.22222222222222    0.22222222222222    0.00000000000000             1
   -0.11111111111111    0.22222222222222    0.00000000000000             1
    0.00000000000000    0.33333333333334    0.00000000000000             1
    0.11111111111111    0.33333333333334    0.00000000000000             1
    0.22222222222222    0.33333333333334    0.00000000000000             1
    0.33333333333334    0.33333333333334    0.00000000000000             1
    0.44444444444444    0.33333333333334    0.00000000000000             1
   -0.44444444444444    0.33333333333334    0.00000000000000             1
   -0.33333333333334    0.33333333333334    0.00000000000000             1
   -0.22222222222222    0.33333333333334    0.00000000000000             1
   -0.11111111111111    0.33333333333334    0.00000000000000             1
    0.00000000000000    0.44444444444444    0.00000000000000             1
    0.11111111111111    0.44444444444444    0.00000000000000             1
    0.22222222222222    0.44444444444444    0.00000000000000             1
    0.33333333333334    0.44444444444444    0.00000000000000             1
    0.44444444444444    0.44444444444444    0.00000000000000             1
   -0.44444444444444    0.44444444444444    0.00000000000000             1
   -0.33333333333334    0.44444444444444    0.00000000000000             1
   -0.22222222222222    0.44444444444444    0.00000000000000             1
   -0.11111111111111    0.44444444444444    0.00000000000000             1
   -0.00000000000000   -0.44444444444444    0.00000000000000             1
    0.11111111111111   -0.44444444444444    0.00000000000000             1
    0.22222222222222   -0.44444444444444    0.00000000000000             1
    0.33333333333334   -0.44444444444444    0.00000000000000             1
    0.44444444444444   -0.44444444444444    0.00000000000000             1
   -0.44444444444444   -0.44444444444444    0.00000000000000             1
   -0.33333333333334   -0.44444444444444    0.00000000000000             1
   -0.22222222222222   -0.44444444444444    0.00000000000000             1
   -0.11111111111111   -0.44444444444444    0.00000000000000             1
   -0.00000000000000   -0.33333333333334    0.00000000000000             1
    0.11111111111111   -0.33333333333334    0.00000000000000             1
    0.22222222222222   -0.33333333333334    0.00000000000000             1
    0.33333333333334   -0.33333333333334    0.00000000000000             1
    0.44444444444444   -0.33333333333334    0.00000000000000             1
   -0.44444444444444   -0.33333333333334    0.00000000000000             1
   -0.33333333333334   -0.33333333333334    0.00000000000000             1
   -0.22222222222222   -0.33333333333334    0.00000000000000             1
   -0.11111111111111   -0.33333333333334    0.00000000000000             1
   -0.00000000000000   -0.22222222222222    0.00000000000000             1
    0.11111111111111   -0.22222222222222    0.00000000000000             1
    0.22222222222222   -0.22222222222222    0.00000000000000             1
    0.33333333333334   -0.22222222222222    0.00000000000000             1
    0.44444444444444   -0.22222222222222    0.00000000000000             1
   -0.44444444444444   -0.22222222222222    0.00000000000000             1
   -0.33333333333334   -0.22222222222222    0.00000000000000             1
   -0.22222222222222   -0.22222222222222    0.00000000000000             1
   -0.11111111111111   -0.22222222222222    0.00000000000000             1
   -0.00000000000000   -0.11111111111111    0.00000000000000             1
    0.11111111111111   -0.11111111111111    0.00000000000000             1
    0.22222222222222   -0.11111111111111    0.00000000000000             1
    0.33333333333334   -0.11111111111111    0.00000000000000             1
    0.44444444444444   -0.11111111111111    0.00000000000000             1
   -0.44444444444444   -0.11111111111111    0.00000000000000             1
   -0.33333333333334   -0.11111111111111    0.00000000000000             1
   -0.22222222222222   -0.11111111111111    0.00000000000000             1
   -0.11111111111111   -0.11111111111111    0.00000000000000             1
    0.00000000000000    0.00000000000000    0.16666666666666             1
    0.11111111111111    0.00000000000000    0.16666666666666             1
    0.22222222222222    0.00000000000000    0.16666666666666             1
    0.33333333333334    0.00000000000000    0.16666666666666             1
    0.44444444444444    0.00000000000000    0.16666666666666             1
   -0.44444444444444    0.00000000000000    0.16666666666666             1
   -0.33333333333334    0.00000000000000    0.16666666666666             1
   -0.22222222222222    0.00000000000000    0.16666666666666             1
   -0.11111111111111   -0.00000000000000    0.16666666666666             1
    0.00000000000000    0.11111111111111    0.16666666666666             1
    0.11111111111111    0.11111111111111    0.16666666666666             1
    0.22222222222222    0.11111111111111    0.16666666666666             1
    0.33333333333334    0.11111111111111    0.16666666666666             1
    0.44444444444444    0.11111111111111    0.16666666666666             1
   -0.44444444444444    0.11111111111111    0.16666666666666             1
   -0.33333333333334    0.11111111111111    0.16666666666666             1
   -0.22222222222222    0.11111111111111    0.16666666666666             1
   -0.11111111111111    0.11111111111111    0.16666666666666             1
    0.00000000000000    0.22222222222222    0.16666666666666             1
    0.11111111111111    0.22222222222222    0.16666666666666             1
    0.22222222222222    0.22222222222222    0.16666666666666             1
    0.33333333333334    0.22222222222222    0.16666666666666             1
    0.44444444444444    0.22222222222222    0.16666666666666             1
   -0.44444444444444    0.22222222222222    0.16666666666666             1
   -0.33333333333334    0.22222222222222    0.16666666666666             1
   -0.22222222222222    0.22222222222222    0.16666666666666             1
   -0.11111111111111    0.22222222222222    0.16666666666666             1
    0.00000000000000    0.33333333333334    0.16666666666666             1
    0.11111111111111    0.33333333333334    0.16666666666666             1
    0.22222222222222    0.33333333333334    0.16666666666666             1
    0.33333333333334    0.33333333333334    0.16666666666666             1
    0.44444444444444    0.33333333333334    0.16666666666666             1
   -0.44444444444444    0.33333333333334    0.16666666666666             1
   -0.33333333333334    0.33333333333334    0.16666666666666             1
   -0.22222222222222    0.33333333333334    0.16666666666666             1
   -0.11111111111111    0.33333333333334    0.16666666666666             1
    0.00000000000000    0.44444444444444    0.16666666666666             1
    0.11111111111111    0.44444444444444    0.16666666666666             1
    0.22222222222222    0.44444444444444    0.16666666666666             1
    0.33333333333334    0.44444444444444    0.16666666666666             1
    0.44444444444444    0.44444444444444    0.16666666666666             1
   -0.44444444444444    0.44444444444444    0.16666666666666             1
   -0.33333333333334    0.44444444444444    0.16666666666666             1
   -0.22222222222222    0.44444444444444    0.16666666666666             1
   -0.11111111111111    0.44444444444444    0.16666666666666             1
   -0.00000000000000   -0.44444444444444    0.16666666666666             1
    0.11111111111111   -0.44444444444444    0.16666666666666             1
    0.22222222222222   -0.44444444444444    0.16666666666666             1
    0.33333333333334   -0.44444444444444    0.16666666666666             1
    0.44444444444444   -0.44444444444444    0.16666666666666             1
   -0.44444444444444   -0.44444444444444    0.16666666666666             1
   -0.33333333333334   -0.44444444444444    0.16666666666666             1
   -0.22222222222222   -0.44444444444444    0.16666666666666             1
   -0.11111111111111   -0.44444444444444    0.16666666666666             1
   -0.00000000000000   -0.33333333333334    0.16666666666666             1
    0.11111111111111   -0.33333333333334    0.16666666666666             1
    0.22222222222222   -0.33333333333334    0.16666666666666             1
    0.33333333333334   -0.33333333333334    0.16666666666666             1
    0.44444444444444   -0.33333333333334    0.16666666666666             1
   -0.44444444444444   -0.33333333333334    0.16666666666666             1
   -0.33333333333334   -0.33333333333334    0.16666666666666             1
   -0.22222222222222   -0.33333333333334    0.16666666666666             1
   -0.11111111111111   -0.33333333333334    0.16666666666666             1
   -0.00000000000000   -0.22222222222222    0.16666666666666             1
    0.11111111111111   -0.22222222222222    0.16666666666666             1
    0.22222222222222   -0.22222222222222    0.16666666666666             1
    0.33333333333334   -0.22222222222222    0.16666666666666             1
    0.44444444444444   -0.22222222222222    0.16666666666666             1
   -0.44444444444444   -0.22222222222222    0.16666666666666             1
   -0.33333333333334   -0.22222222222222    0.16666666666666             1
   -0.22222222222222   -0.22222222222222    0.16666666666666             1
   -0.11111111111111   -0.22222222222222    0.16666666666666             1
   -0.00000000000000   -0.11111111111111    0.16666666666666             1
    0.11111111111111   -0.11111111111111    0.16666666666666             1
    0.22222222222222   -0.11111111111111    0.16666666666666             1
    0.33333333333334   -0.11111111111111    0.16666666666666             1
    0.44444444444444   -0.11111111111111    0.16666666666666             1
   -0.44444444444444   -0.11111111111111    0.16666666666666             1
   -0.33333333333334   -0.11111111111111    0.16666666666666             1
   -0.22222222222222   -0.11111111111111    0.16666666666666             1
   -0.11111111111111   -0.11111111111111    0.16666666666666             1
    0.00000000000000    0.00000000000000    0.33333333333334             1
    0.11111111111111    0.00000000000000    0.33333333333334             1
    0.22222222222222    0.00000000000000    0.33333333333334             1
    0.33333333333334    0.00000000000000    0.33333333333334             1
    0.44444444444444    0.00000000000000    0.33333333333334             1
   -0.44444444444444    0.00000000000000    0.33333333333334             1
   -0.33333333333334    0.00000000000000    0.33333333333334             1
   -0.22222222222222    0.00000000000000    0.33333333333334             1
   -0.11111111111111   -0.00000000000000    0.33333333333334             1
    0.00000000000000    0.11111111111111    0.33333333333334             1
    0.11111111111111    0.11111111111111    0.33333333333334             1
    0.22222222222222    0.11111111111111    0.33333333333334             1
    0.33333333333334    0.11111111111111    0.33333333333334             1
    0.44444444444444    0.11111111111111    0.33333333333334             1
   -0.44444444444444    0.11111111111111    0.33333333333334             1
   -0.33333333333334    0.11111111111111    0.33333333333334             1
   -0.22222222222222    0.11111111111111    0.33333333333334             1
   -0.11111111111111    0.11111111111111    0.33333333333334             1
    0.00000000000000    0.22222222222222    0.33333333333334             1
    0.11111111111111    0.22222222222222    0.33333333333334             1
    0.22222222222222    0.22222222222222    0.33333333333334             1
    0.33333333333334    0.22222222222222    0.33333333333334             1
    0.44444444444444    0.22222222222222    0.33333333333334             1
   -0.44444444444444    0.22222222222222    0.33333333333334             1
   -0.33333333333334    0.22222222222222    0.33333333333334             1
   -0.22222222222222    0.22222222222222    0.33333333333334             1
   -0.11111111111111    0.22222222222222    0.33333333333334             1
    0.00000000000000    0.33333333333334    0.33333333333334             1
    0.11111111111111    0.33333333333334    0.33333333333334             1
    0.22222222222222    0.33333333333334    0.33333333333334             1
    0.33333333333334    0.33333333333334    0.33333333333334             1
    0.44444444444444    0.33333333333334    0.33333333333334             1
   -0.44444444444444    0.33333333333334    0.33333333333334             1
   -0.33333333333334    0.33333333333334    0.33333333333334             1
   -0.22222222222222    0.33333333333334    0.33333333333334             1
   -0.11111111111111    0.33333333333334    0.33333333333334             1
    0.00000000000000    0.44444444444444    0.33333333333334             1
    0.11111111111111    0.44444444444444    0.33333333333334             1
    0.22222222222222    0.44444444444444    0.33333333333334             1
    0.33333333333334    0.44444444444444    0.33333333333334             1
    0.44444444444444    0.44444444444444    0.33333333333334             1
   -0.44444444444444    0.44444444444444    0.33333333333334             1
   -0.33333333333334    0.44444444444444    0.33333333333334             1
   -0.22222222222222    0.44444444444444    0.33333333333334             1
   -0.11111111111111    0.44444444444444    0.33333333333334             1
   -0.00000000000000   -0.44444444444444    0.33333333333334             1
    0.11111111111111   -0.44444444444444    0.33333333333334             1
    0.22222222222222   -0.44444444444444    0.33333333333334             1
    0.33333333333334   -0.44444444444444    0.33333333333334             1
    0.44444444444444   -0.44444444444444    0.33333333333334             1
   -0.44444444444444   -0.44444444444444    0.33333333333334             1
   -0.33333333333334   -0.44444444444444    0.33333333333334             1
   -0.22222222222222   -0.44444444444444    0.33333333333334             1
   -0.11111111111111   -0.44444444444444    0.33333333333334             1
   -0.00000000000000   -0.33333333333334    0.33333333333334             1
    0.11111111111111   -0.33333333333334    0.33333333333334             1
    0.22222222222222   -0.33333333333334    0.33333333333334             1
    0.33333333333334   -0.33333333333334    0.33333333333334             1
    0.44444444444444   -0.33333333333334    0.33333333333334             1
   -0.44444444444444   -0.33333333333334    0.33333333333334             1
   -0.33333333333334   -0.33333333333334    0.33333333333334             1
   -0.22222222222222   -0.33333333333334    0.33333333333334             1
   -0.11111111111111   -0.33333333333334    0.33333333333334             1
   -0.00000000000000   -0.22222222222222    0.33333333333334             1
    0.11111111111111   -0.22222222222222    0.33333333333334             1
    0.22222222222222   -0.22222222222222    0.33333333333334             1
    0.33333333333334   -0.22222222222222    0.33333333333334             1
    0.44444444444444   -0.22222222222222    0.33333333333334             1
   -0.44444444444444   -0.22222222222222    0.33333333333334             1
   -0.33333333333334   -0.22222222222222    0.33333333333334             1
   -0.22222222222222   -0.22222222222222    0.33333333333334             1
   -0.11111111111111   -0.22222222222222    0.33333333333334             1
   -0.00000000000000   -0.11111111111111    0.33333333333334             1
    0.11111111111111   -0.11111111111111    0.33333333333334             1
    0.22222222222222   -0.11111111111111    0.33333333333334             1
    0.33333333333334   -0.11111111111111    0.33333333333334             1
    0.44444444444444   -0.11111111111111    0.33333333333334             1
   -0.44444444444444   -0.11111111111111    0.33333333333334             1
   -0.33333333333334   -0.11111111111111    0.33333333333334             1
   -0.22222222222222   -0.11111111111111    0.33333333333334             1
   -0.11111111111111   -0.11111111111111    0.33333333333334             1
    0.00000000000000    0.00000000000000    0.50000000000000             1
    0.11111111111111    0.00000000000000    0.50000000000000             1
    0.22222222222222    0.00000000000000    0.50000000000000             1
    0.33333333333334    0.00000000000000    0.50000000000000             1
    0.44444444444444    0.00000000000000    0.50000000000000             1
   -0.44444444444444    0.00000000000000    0.50000000000000             1
   -0.33333333333334    0.00000000000000    0.50000000000000             1
   -0.22222222222222    0.00000000000000    0.50000000000000             1
   -0.11111111111111   -0.00000000000000    0.50000000000000             1
    0.00000000000000    0.11111111111111    0.50000000000000             1
    0.11111111111111    0.11111111111111    0.50000000000000             1
    0.22222222222222    0.11111111111111    0.50000000000000             1
    0.33333333333334    0.11111111111111    0.50000000000000             1
    0.44444444444444    0.11111111111111    0.50000000000000             1
   -0.44444444444444    0.11111111111111    0.50000000000000             1
   -0.33333333333334    0.11111111111111    0.50000000000000             1
   -0.22222222222222    0.11111111111111    0.50000000000000             1
   -0.11111111111111    0.11111111111111    0.50000000000000             1
    0.00000000000000    0.22222222222222    0.50000000000000             1
    0.11111111111111    0.22222222222222    0.50000000000000             1
    0.22222222222222    0.22222222222222    0.50000000000000             1
    0.33333333333334    0.22222222222222    0.50000000000000             1
    0.44444444444444    0.22222222222222    0.50000000000000             1
   -0.44444444444444    0.22222222222222    0.50000000000000             1
   -0.33333333333334    0.22222222222222    0.50000000000000             1
   -0.22222222222222    0.22222222222222    0.50000000000000             1
   -0.11111111111111    0.22222222222222    0.50000000000000             1
    0.00000000000000    0.33333333333334    0.50000000000000             1
    0.11111111111111    0.33333333333334    0.50000000000000             1
    0.22222222222222    0.33333333333334    0.50000000000000             1
    0.33333333333334    0.33333333333334    0.50000000000000             1
    0.44444444444444    0.33333333333334    0.50000000000000             1
   -0.44444444444444    0.33333333333334    0.50000000000000             1
   -0.33333333333334    0.33333333333334    0.50000000000000             1
   -0.22222222222222    0.33333333333334    0.50000000000000             1
   -0.11111111111111    0.33333333333334    0.50000000000000             1
    0.00000000000000    0.44444444444444    0.50000000000000             1
    0.11111111111111    0.44444444444444    0.50000000000000             1
    0.22222222222222    0.44444444444444    0.50000000000000             1
    0.33333333333334    0.44444444444444    0.50000000000000             1
    0.44444444444444    0.44444444444444    0.50000000000000             1
   -0.44444444444444    0.44444444444444    0.50000000000000             1
   -0.33333333333334    0.44444444444444    0.50000000000000             1
   -0.22222222222222    0.44444444444444    0.50000000000000             1
   -0.11111111111111    0.44444444444444    0.50000000000000             1
   -0.00000000000000   -0.44444444444444    0.50000000000000             1
    0.11111111111111   -0.44444444444444    0.50000000000000             1
    0.22222222222222   -0.44444444444444    0.50000000000000             1
    0.33333333333334   -0.44444444444444    0.50000000000000             1
    0.44444444444444   -0.44444444444444    0.50000000000000             1
   -0.44444444444444   -0.44444444444444    0.50000000000000             1
   -0.33333333333334   -0.44444444444444    0.50000000000000             1
   -0.22222222222222   -0.44444444444444    0.50000000000000             1
   -0.11111111111111   -0.44444444444444    0.50000000000000             1
   -0.00000000000000   -0.33333333333334    0.50000000000000             1
    0.11111111111111   -0.33333333333334    0.50000000000000             1
    0.22222222222222   -0.33333333333334    0.50000000000000             1
    0.33333333333334   -0.33333333333334    0.50000000000000             1
    0.44444444444444   -0.33333333333334    0.50000000000000             1
   -0.44444444444444   -0.33333333333334    0.50000000000000             1
   -0.33333333333334   -0.33333333333334    0.50000000000000             1
   -0.22222222222222   -0.33333333333334    0.50000000000000             1
   -0.11111111111111   -0.33333333333334    0.50000000000000             1
   -0.00000000000000   -0.22222222222222    0.50000000000000             1
    0.11111111111111   -0.22222222222222    0.50000000000000             1
    0.22222222222222   -0.22222222222222    0.50000000000000             1
    0.33333333333334   -0.22222222222222    0.50000000000000             1
    0.44444444444444   -0.22222222222222    0.50000000000000             1
   -0.44444444444444   -0.22222222222222    0.50000000000000             1
   -0.33333333333334   -0.22222222222222    0.50000000000000             1
   -0.22222222222222   -0.22222222222222    0.50000000000000             1
   -0.11111111111111   -0.22222222222222    0.50000000000000             1
   -0.00000000000000   -0.11111111111111    0.50000000000000             1
    0.11111111111111   -0.11111111111111    0.50000000000000             1
    0.22222222222222   -0.11111111111111    0.50000000000000             1
    0.33333333333334   -0.11111111111111    0.50000000000000             1
    0.44444444444444   -0.11111111111111    0.50000000000000             1
   -0.44444444444444   -0.11111111111111    0.50000000000000             1
   -0.33333333333334   -0.11111111111111    0.50000000000000             1
   -0.22222222222222   -0.11111111111111    0.50000000000000             1
   -0.11111111111111   -0.11111111111111    0.50000000000000             1
    0.00000000000000    0.00000000000000   -0.33333333333334             1
    0.11111111111111    0.00000000000000   -0.33333333333334             1
    0.22222222222222    0.00000000000000   -0.33333333333334             1
    0.33333333333334    0.00000000000000   -0.33333333333334             1
    0.44444444444444    0.00000000000000   -0.33333333333334             1
   -0.44444444444444    0.00000000000000   -0.33333333333334             1
   -0.33333333333334    0.00000000000000   -0.33333333333334             1
   -0.22222222222222    0.00000000000000   -0.33333333333334             1
   -0.11111111111111   -0.00000000000000   -0.33333333333334             1
    0.00000000000000    0.11111111111111   -0.33333333333334             1
    0.11111111111111    0.11111111111111   -0.33333333333334             1
    0.22222222222222    0.11111111111111   -0.33333333333334             1
    0.33333333333334    0.11111111111111   -0.33333333333334             1
    0.44444444444444    0.11111111111111   -0.33333333333334             1
   -0.44444444444444    0.11111111111111   -0.33333333333334             1
   -0.33333333333334    0.11111111111111   -0.33333333333334             1
   -0.22222222222222    0.11111111111111   -0.33333333333334             1
   -0.11111111111111    0.11111111111111   -0.33333333333334             1
    0.00000000000000    0.22222222222222   -0.33333333333334             1
    0.11111111111111    0.22222222222222   -0.33333333333334             1
    0.22222222222222    0.22222222222222   -0.33333333333334             1
    0.33333333333334    0.22222222222222   -0.33333333333334             1
    0.44444444444444    0.22222222222222   -0.33333333333334             1
   -0.44444444444444    0.22222222222222   -0.33333333333334             1
   -0.33333333333334    0.22222222222222   -0.33333333333334             1
   -0.22222222222222    0.22222222222222   -0.33333333333334             1
   -0.11111111111111    0.22222222222222   -0.33333333333334             1
    0.00000000000000    0.33333333333334   -0.33333333333334             1
    0.11111111111111    0.33333333333334   -0.33333333333334             1
    0.22222222222222    0.33333333333334   -0.33333333333334             1
    0.33333333333334    0.33333333333334   -0.33333333333334             1
    0.44444444444444    0.33333333333334   -0.33333333333334             1
   -0.44444444444444    0.33333333333334   -0.33333333333334             1
   -0.33333333333334    0.33333333333334   -0.33333333333334             1
   -0.22222222222222    0.33333333333334   -0.33333333333334             1
   -0.11111111111111    0.33333333333334   -0.33333333333334             1
    0.00000000000000    0.44444444444444   -0.33333333333334             1
    0.11111111111111    0.44444444444444   -0.33333333333334             1
    0.22222222222222    0.44444444444444   -0.33333333333334             1
    0.33333333333334    0.44444444444444   -0.33333333333334             1
    0.44444444444444    0.44444444444444   -0.33333333333334             1
   -0.44444444444444    0.44444444444444   -0.33333333333334             1
   -0.33333333333334    0.44444444444444   -0.33333333333334             1
   -0.22222222222222    0.44444444444444   -0.33333333333334             1
   -0.11111111111111    0.44444444444444   -0.33333333333334             1
   -0.00000000000000   -0.44444444444444   -0.33333333333334             1
    0.11111111111111   -0.44444444444444   -0.33333333333334             1
    0.22222222222222   -0.44444444444444   -0.33333333333334             1
    0.33333333333334   -0.44444444444444   -0.33333333333334             1
    0.44444444444444   -0.44444444444444   -0.33333333333334             1
   -0.44444444444444   -0.44444444444444   -0.33333333333334             1
   -0.33333333333334   -0.44444444444444   -0.33333333333334             1
   -0.22222222222222   -0.44444444444444   -0.33333333333334             1
   -0.11111111111111   -0.44444444444444   -0.33333333333334             1
   -0.00000000000000   -0.33333333333334   -0.33333333333334             1
    0.11111111111111   -0.33333333333334   -0.33333333333334             1
    0.22222222222222   -0.33333333333334   -0.33333333333334             1
    0.33333333333334   -0.33333333333334   -0.33333333333334             1
    0.44444444444444   -0.33333333333334   -0.33333333333334             1
   -0.44444444444444   -0.33333333333334   -0.33333333333334             1
   -0.33333333333334   -0.33333333333334   -0.33333333333334             1
   -0.22222222222222   -0.33333333333334   -0.33333333333334             1
   -0.11111111111111   -0.33333333333334   -0.33333333333334             1
   -0.00000000000000   -0.22222222222222   -0.33333333333334             1
    0.11111111111111   -0.22222222222222   -0.33333333333334             1
    0.22222222222222   -0.22222222222222   -0.33333333333334             1
    0.33333333333334   -0.22222222222222   -0.33333333333334             1
    0.44444444444444   -0.22222222222222   -0.33333333333334             1
   -0.44444444444444   -0.22222222222222   -0.33333333333334             1
   -0.33333333333334   -0.22222222222222   -0.33333333333334             1
   -0.22222222222222   -0.22222222222222   -0.33333333333334             1
   -0.11111111111111   -0.22222222222222   -0.33333333333334             1
   -0.00000000000000   -0.11111111111111   -0.33333333333334             1
    0.11111111111111   -0.11111111111111   -0.33333333333334             1
    0.22222222222222   -0.11111111111111   -0.33333333333334             1
    0.33333333333334   -0.11111111111111   -0.33333333333334             1
    0.44444444444444   -0.11111111111111   -0.33333333333334             1
   -0.44444444444444   -0.11111111111111   -0.33333333333334             1
   -0.33333333333334   -0.11111111111111   -0.33333333333334             1
   -0.22222222222222   -0.11111111111111   -0.33333333333334             1
   -0.11111111111111   -0.11111111111111   -0.33333333333334             1
    0.00000000000000    0.00000000000000   -0.16666666666666             1
    0.11111111111111    0.00000000000000   -0.16666666666666             1
    0.22222222222222    0.00000000000000   -0.16666666666666             1
    0.33333333333334    0.00000000000000   -0.16666666666666             1
    0.44444444444444    0.00000000000000   -0.16666666666666             1
   -0.44444444444444    0.00000000000000   -0.16666666666666             1
   -0.33333333333334    0.00000000000000   -0.16666666666666             1
   -0.22222222222222    0.00000000000000   -0.16666666666666             1
   -0.11111111111111   -0.00000000000000   -0.16666666666666             1
    0.00000000000000    0.11111111111111   -0.16666666666666             1
    0.11111111111111    0.11111111111111   -0.16666666666666             1
    0.22222222222222    0.11111111111111   -0.16666666666666             1
    0.33333333333334    0.11111111111111   -0.16666666666666             1
    0.44444444444444    0.11111111111111   -0.16666666666666             1
   -0.44444444444444    0.11111111111111   -0.16666666666666             1
   -0.33333333333334    0.11111111111111   -0.16666666666666             1
   -0.22222222222222    0.11111111111111   -0.16666666666666             1
   -0.11111111111111    0.11111111111111   -0.16666666666666             1
    0.00000000000000    0.22222222222222   -0.16666666666666             1
    0.11111111111111    0.22222222222222   -0.16666666666666             1
    0.22222222222222    0.22222222222222   -0.16666666666666             1
    0.33333333333334    0.22222222222222   -0.16666666666666             1
    0.44444444444444    0.22222222222222   -0.16666666666666             1
   -0.44444444444444    0.22222222222222   -0.16666666666666             1
   -0.33333333333334    0.22222222222222   -0.16666666666666             1
   -0.22222222222222    0.22222222222222   -0.16666666666666             1
   -0.11111111111111    0.22222222222222   -0.16666666666666             1
    0.00000000000000    0.33333333333334   -0.16666666666666             1
    0.11111111111111    0.33333333333334   -0.16666666666666             1
    0.22222222222222    0.33333333333334   -0.16666666666666             1
    0.33333333333334    0.33333333333334   -0.16666666666666             1
    0.44444444444444    0.33333333333334   -0.16666666666666             1
   -0.44444444444444    0.33333333333334   -0.16666666666666             1
   -0.33333333333334    0.33333333333334   -0.16666666666666             1
   -0.22222222222222    0.33333333333334   -0.16666666666666             1
   -0.11111111111111    0.33333333333334   -0.16666666666666             1
    0.00000000000000    0.44444444444444   -0.16666666666666             1
    0.11111111111111    0.44444444444444   -0.16666666666666             1
    0.22222222222222    0.44444444444444   -0.16666666666666             1
    0.33333333333334    0.44444444444444   -0.16666666666666             1
    0.44444444444444    0.44444444444444   -0.16666666666666             1
   -0.44444444444444    0.44444444444444   -0.16666666666666             1
   -0.33333333333334    0.44444444444444   -0.16666666666666             1
   -0.22222222222222    0.44444444444444   -0.16666666666666             1
   -0.11111111111111    0.44444444444444   -0.16666666666666             1
   -0.00000000000000   -0.44444444444444   -0.16666666666666             1
    0.11111111111111   -0.44444444444444   -0.16666666666666             1
    0.22222222222222   -0.44444444444444   -0.16666666666666             1
    0.33333333333334   -0.44444444444444   -0.16666666666666             1
    0.44444444444444   -0.44444444444444   -0.16666666666666             1
   -0.44444444444444   -0.44444444444444   -0.16666666666666             1
   -0.33333333333334   -0.44444444444444   -0.16666666666666             1
   -0.22222222222222   -0.44444444444444   -0.16666666666666             1
   -0.11111111111111   -0.44444444444444   -0.16666666666666             1
   -0.00000000000000   -0.33333333333334   -0.16666666666666             1
    0.11111111111111   -0.33333333333334   -0.16666666666666             1
    0.22222222222222   -0.33333333333334   -0.16666666666666             1
    0.33333333333334   -0.33333333333334   -0.16666666666666             1
    0.44444444444444   -0.33333333333334   -0.16666666666666             1
   -0.44444444444444   -0.33333333333334   -0.16666666666666             1
   -0.33333333333334   -0.33333333333334   -0.16666666666666             1
   -0.22222222222222   -0.33333333333334   -0.16666666666666             1
   -0.11111111111111   -0.33333333333334   -0.16666666666666             1
   -0.00000000000000   -0.22222222222222   -0.16666666666666             1
    0.11111111111111   -0.22222222222222   -0.16666666666666             1
    0.22222222222222   -0.22222222222222   -0.16666666666666             1
    0.33333333333334   -0.22222222222222   -0.16666666666666             1
    0.44444444444444   -0.22222222222222   -0.16666666666666             1
   -0.44444444444444   -0.22222222222222   -0.16666666666666             1
   -0.33333333333334   -0.22222222222222   -0.16666666666666             1
   -0.22222222222222   -0.22222222222222   -0.16666666666666             1
   -0.11111111111111   -0.22222222222222   -0.16666666666666             1
   -0.00000000000000   -0.11111111111111   -0.16666666666666             1
    0.11111111111111   -0.11111111111111   -0.16666666666666             1
    0.22222222222222   -0.11111111111111   -0.16666666666666             1
    0.33333333333334   -0.11111111111111   -0.16666666666666             1
    0.44444444444444   -0.11111111111111   -0.16666666666666             1
   -0.44444444444444   -0.11111111111111   -0.16666666666666             1
   -0.33333333333334   -0.11111111111111   -0.16666666666666             1
   -0.22222222222222   -0.11111111111111   -0.16666666666666             1
   -0.11111111111111   -0.11111111111111   -0.16666666666666             1
