Automatically generated mesh
     256
Reciprocal lattice
    0.00000000000000    0.00000000000000    0.00000000000000             1
    0.25000000000000    0.00000000000000    0.00000000000000             1
    0.50000000000000    0.00000000000000    0.00000000000000             1
   -0.25000000000000    0.00000000000000    0.00000000000000             1
    0.00000000000000    0.25000000000000    0.00000000000000             1
    0.25000000000000    0.25000000000000    0.00000000000000             1
    0.50000000000000    0.25000000000000    0.00000000000000             1
   -0.25000000000000    0.25000000000000    0.00000000000000             1
    0.00000000000000    0.50000000000000    0.00000000000000             1
    0.25000000000000    0.50000000000000    0.00000000000000             1
    0.50000000000000    0.50000000000000    0.00000000000000             1
   -0.25000000000000    0.50000000000000   -0.00000000000000             1
    0.00000000000000   -0.25000000000000    0.00000000000000             1
    0.25000000000000   -0.25000000000000    0.00000000000000             1
    0.50000000000000   -0.25000000000000    0.00000000000000             1
   -0.25000000000000   -0.25000000000000    0.00000000000000             1
    0.00000000000000    0.00000000000000    0.06250000000000             1
    0.25000000000000    0.00000000000000    0.06250000000000             1
    0.50000000000000    0.00000000000000    0.06250000000000             1
   -0.25000000000000    0.00000000000000    0.06250000000000             1
    0.00000000000000    0.25000000000000    0.06250000000000             1
    0.25000000000000    0.25000000000000    0.06250000000000             1
    0.50000000000000    0.25000000000000    0.06250000000000             1
   -0.25000000000000    0.25000000000000    0.06250000000000             1
    0.00000000000000    0.50000000000000    0.06250000000000             1
    0.25000000000000    0.50000000000000    0.06250000000000             1
    0.50000000000000    0.50000000000000    0.06250000000000             1
   -0.25000000000000    0.50000000000000    0.06250000000000             1
    0.00000000000000   -0.25000000000000    0.06250000000000             1
    0.25000000000000   -0.25000000000000    0.06250000000000             1
    0.50000000000000   -0.25000000000000    0.06250000000000             1
   -0.25000000000000   -0.25000000000000    0.06250000000000             1
    0.00000000000000    0.00000000000000    0.12500000000000             1
    0.25000000000000    0.00000000000000    0.12500000000000             1
    0.50000000000000    0.00000000000000    0.12500000000000             1
   -0.25000000000000   -0.00000000000000    0.12500000000000             1
   -0.00000000000000    0.25000000000000    0.12500000000000             1
    0.25000000000000    0.25000000000000    0.12500000000000             1
    0.50000000000000    0.25000000000000    0.12500000000000             1
   -0.25000000000000    0.25000000000000    0.12500000000000             1
    0.00000000000000    0.50000000000000    0.12500000000000             1
    0.25000000000000    0.50000000000000    0.12500000000000             1
    0.50000000000000    0.50000000000000    0.12500000000000             1
   -0.25000000000000    0.50000000000000    0.12500000000000             1
   -0.00000000000000   -0.25000000000000    0.12500000000000             1
    0.25000000000000   -0.25000000000000    0.12500000000000             1
    0.50000000000000   -0.25000000000000    0.12500000000000             1
   -0.25000000000000   -0.25000000000000    0.12500000000000             1
   -0.00000000000000   -0.00000000000000    0.18750000000000             1
    0.25000000000000   -0.00000000000000    0.18750000000000             1
    0.50000000000000    0.00000000000000    0.18750000000000             1
   -0.25000000000000   -0.00000000000000    0.18750000000000             1
   -0.00000000000000    0.25000000000000    0.18750000000000             1
    0.25000000000000    0.25000000000000    0.18750000000000             1
    0.50000000000000    0.25000000000000    0.18750000000000             1
   -0.25000000000000    0.25000000000000    0.18750000000000             1
    0.00000000000000    0.50000000000000    0.18750000000000             1
    0.25000000000000    0.50000000000000    0.18750000000000             1
    0.50000000000000    0.50000000000000    0.18750000000000             1
   -0.25000000000000    0.50000000000000    0.18750000000000             1
    0.00000000000000   -0.25000000000000    0.18750000000000             1
    0.25000000000000   -0.25000000000000    0.18750000000000             1
    0.50000000000000   -0.25000000000000    0.18750000000000             1
   -0.25000000000000   -0.25000000000000    0.18750000000000             1
    0.00000000000000    0.00000000000000    0.25000000000000             1
    0.25000000000000    0.00000000000000    0.25000000000000             1
    0.50000000000000    0.00000000000000    0.25000000000000             1
   -0.25000000000000    0.00000000000000    0.25000000000000             1
    0.00000000000000    0.25000000000000    0.25000000000000             1
    0.25000000000000    0.25000000000000    0.25000000000000             1
    0.50000000000000    0.25000000000000    0.25000000000000             1
   -0.25000000000000    0.25000000000000    0.25000000000000             1
   -0.00000000000000    0.50000000000000    0.25000000000000             1
    0.25000000000000    0.50000000000000    0.25000000000000             1
    0.50000000000000    0.50000000000000    0.25000000000000             1
   -0.25000000000000    0.50000000000000    0.25000000000000             1
    0.00000000000000   -0.25000000000000    0.25000000000000             1
    0.25000000000000   -0.25000000000000    0.25000000000000             1
    0.50000000000000   -0.25000000000000    0.25000000000000             1
   -0.25000000000000   -0.25000000000000    0.25000000000000             1
    0.00000000000000    0.00000000000000    0.31250000000000             1
    0.25000000000000    0.00000000000000    0.31250000000000             1
    0.50000000000000    0.00000000000000    0.31250000000000             1
   -0.25000000000000   -0.00000000000000    0.31250000000000             1
    0.00000000000000    0.25000000000000    0.31250000000000             1
    0.25000000000000    0.25000000000000    0.31250000000000             1
    0.50000000000000    0.25000000000000    0.31250000000000             1
   -0.25000000000000    0.25000000000000    0.31250000000000             1
    0.00000000000000    0.50000000000000    0.31250000000000             1
    0.25000000000000    0.50000000000000    0.31250000000000             1
    0.50000000000000    0.50000000000000    0.31250000000000             1
   -0.25000000000000    0.50000000000000    0.31250000000000             1
   -0.00000000000000   -0.25000000000000    0.31250000000000             1
    0.25000000000000   -0.25000000000000    0.31250000000000             1
    0.50000000000000   -0.25000000000000    0.31250000000000             1
   -0.25000000000000   -0.25000000000000    0.31250000000000             1
   -0.00000000000000   -0.00000000000000    0.37500000000000             1
    0.25000000000000   -0.00000000000000    0.37500000000000             1
    0.50000000000000   -0.00000000000000    0.37500000000000             1
   -0.25000000000000    0.00000000000000    0.37500000000000             1
   -0.00000000000000    0.25000000000000    0.37500000000000             1
    0.25000000000000    0.25000000000000    0.37500000000000             1
    0.50000000000000    0.25000000000000    0.37500000000000             1
   -0.25000000000000    0.25000000000000    0.37500000000000             1
   -0.00000000000000    0.50000000000000    0.37500000000000             1
    0.25000000000000    0.50000000000000    0.37500000000000             1
    0.50000000000000    0.50000000000000    0.37500000000000             1
   -0.25000000000000    0.50000000000000    0.37500000000000             1
    0.00000000000000   -0.25000000000000    0.37500000000000             1
    0.25000000000000   -0.25000000000000    0.37500000000000             1
    0.50000000000000   -0.25000000000000    0.37500000000000             1
   -0.25000000000000   -0.25000000000000    0.37500000000000             1
    0.00000000000000    0.00000000000000    0.43750000000000             1
    0.25000000000000    0.00000000000000    0.43750000000000             1
    0.50000000000000    0.00000000000000    0.43750000000000             1
   -0.25000000000000    0.00000000000000    0.43750000000000             1
    0.00000000000000    0.25000000000000    0.43750000000000             1
    0.25000000000000    0.25000000000000    0.43750000000000             1
    0.50000000000000    0.25000000000000    0.43750000000000             1
   -0.25000000000000    0.25000000000000    0.43750000000000             1
    0.00000000000000    0.50000000000000    0.43750000000000             1
    0.25000000000000    0.50000000000000    0.43750000000000             1
    0.50000000000000    0.50000000000000    0.43750000000000             1
   -0.25000000000000    0.50000000000000    0.43750000000000             1
    0.00000000000000   -0.25000000000000    0.43750000000000             1
    0.25000000000000   -0.25000000000000    0.43750000000000             1
    0.50000000000000   -0.25000000000000    0.43750000000000             1
   -0.25000000000000   -0.25000000000000    0.43750000000000             1
    0.00000000000000    0.00000000000000    0.50000000000000             1
    0.25000000000000    0.00000000000000    0.50000000000000             1
    0.50000000000000    0.00000000000000    0.50000000000000             1
   -0.25000000000000   -0.00000000000000    0.50000000000000             1
    0.00000000000000    0.25000000000000    0.50000000000000             1
    0.25000000000000    0.25000000000000    0.50000000000000             1
    0.50000000000000    0.25000000000000    0.50000000000000             1
   -0.25000000000000    0.25000000000000    0.50000000000000             1
    0.00000000000000    0.50000000000000    0.50000000000000             1
    0.25000000000000    0.50000000000000    0.50000000000000             1
    0.50000000000000    0.50000000000000    0.50000000000000             1
   -0.25000000000000    0.50000000000000    0.50000000000000             1
   -0.00000000000000   -0.25000000000000    0.50000000000000             1
    0.25000000000000   -0.25000000000000    0.50000000000000             1
    0.50000000000000   -0.25000000000000    0.50000000000000             1
   -0.25000000000000   -0.25000000000000    0.50000000000000             1
    0.00000000000000    0.00000000000000   -0.43750000000000             1
    0.25000000000000    0.00000000000000   -0.43750000000000             1
    0.50000000000000    0.00000000000000   -0.43750000000000             1
   -0.25000000000000   -0.00000000000000   -0.43750000000000             1
    0.00000000000000    0.25000000000000   -0.43750000000000             1
    0.25000000000000    0.25000000000000   -0.43750000000000             1
    0.50000000000000    0.25000000000000   -0.43750000000000             1
   -0.25000000000000    0.25000000000000   -0.43750000000000             1
    0.00000000000000    0.50000000000000   -0.43750000000000             1
    0.25000000000000    0.50000000000000   -0.43750000000000             1
    0.50000000000000    0.50000000000000   -0.43750000000000             1
   -0.25000000000000    0.50000000000000   -0.43750000000000             1
   -0.00000000000000   -0.25000000000000   -0.43750000000000             1
    0.25000000000000   -0.25000000000000   -0.43750000000000             1
    0.50000000000000   -0.25000000000000   -0.43750000000000             1
   -0.25000000000000   -0.25000000000000   -0.43750000000000             1
    0.00000000000000    0.00000000000000   -0.37500000000000             1
    0.25000000000000    0.00000000000000   -0.37500000000000             1
    0.50000000000000    0.00000000000000   -0.37500000000000             1
   -0.25000000000000    0.00000000000000   -0.37500000000000             1
    0.00000000000000    0.25000000000000   -0.37500000000000             1
    0.25000000000000    0.25000000000000   -0.37500000000000             1
    0.50000000000000    0.25000000000000   -0.37500000000000             1
   -0.25000000000000    0.25000000000000   -0.37500000000000             1
    0.00000000000000    0.50000000000000   -0.37500000000000             1
    0.25000000000000    0.50000000000000   -0.37500000000000             1
    0.50000000000000    0.50000000000000   -0.37500000000000             1
   -0.25000000000000    0.50000000000000   -0.37500000000000             1
    0.00000000000000   -0.25000000000000   -0.37500000000000             1
    0.25000000000000   -0.25000000000000   -0.37500000000000             1
    0.50000000000000   -0.25000000000000   -0.37500000000000             1
   -0.25000000000000   -0.25000000000000   -0.37500000000000             1
    0.00000000000000    0.00000000000000   -0.31250000000000             1
    0.25000000000000    0.00000000000000   -0.31250000000000             1
    0.50000000000000    0.00000000000000   -0.31250000000000             1
   -0.25000000000000   -0.00000000000000   -0.31250000000000             1
    0.00000000000000    0.25000000000000   -0.31250000000000             1
    0.25000000000000    0.25000000000000   -0.31250000000000             1
    0.50000000000000    0.25000000000000   -0.31250000000000             1
   -0.25000000000000    0.25000000000000   -0.31250000000000             1
    0.00000000000000    0.50000000000000   -0.31250000000000             1
    0.25000000000000    0.50000000000000   -0.31250000000000             1
    0.50000000000000    0.50000000000000   -0.31250000000000             1
   -0.25000000000000    0.50000000000000   -0.31250000000000             1
   -0.00000000000000   -0.25000000000000   -0.31250000000000             1
    0.25000000000000   -0.25000000000000   -0.31250000000000             1
    0.50000000000000   -0.25000000000000   -0.31250000000000             1
   -0.25000000000000   -0.25000000000000   -0.31250000000000             1
    0.00000000000000    0.00000000000000   -0.25000000000000             1
    0.25000000000000    0.00000000000000   -0.25000000000000             1
    0.50000000000000    0.00000000000000   -0.25000000000000             1
   -0.25000000000000    0.00000000000000   -0.25000000000000             1
    0.00000000000000    0.25000000000000   -0.25000000000000             1
    0.25000000000000    0.25000000000000   -0.25000000000000             1
    0.50000000000000    0.25000000000000   -0.25000000000000             1
   -0.25000000000000    0.25000000000000   -0.25000000000000             1
    0.00000000000000    0.50000000000000   -0.25000000000000             1
    0.25000000000000    0.50000000000000   -0.25000000000000             1
    0.50000000000000    0.50000000000000   -0.25000000000000             1
   -0.25000000000000    0.50000000000000   -0.25000000000000             1
    0.00000000000000   -0.25000000000000   -0.25000000000000             1
    0.25000000000000   -0.25000000000000   -0.25000000000000             1
    0.50000000000000   -0.25000000000000   -0.25000000000000             1
   -0.25000000000000   -0.25000000000000   -0.25000000000000             1
    0.00000000000000    0.00000000000000   -0.18750000000000             1
    0.25000000000000    0.00000000000000   -0.18750000000000             1
    0.50000000000000    0.00000000000000   -0.18750000000000             1
   -0.25000000000000    0.00000000000000   -0.18750000000000             1
    0.00000000000000    0.25000000000000   -0.18750000000000             1
    0.25000000000000    0.25000000000000   -0.18750000000000             1
    0.50000000000000    0.25000000000000   -0.18750000000000             1
   -0.25000000000000    0.25000000000000   -0.18750000000000             1
    0.00000000000000    0.50000000000000   -0.18750000000000             1
    0.25000000000000    0.50000000000000   -0.18750000000000             1
    0.50000000000000    0.50000000000000   -0.18750000000000             1
   -0.25000000000000    0.50000000000000   -0.18750000000000             1
    0.00000000000000   -0.25000000000000   -0.18750000000000             1
    0.25000000000000   -0.25000000000000   -0.18750000000000             1
    0.50000000000000   -0.25000000000000   -0.18750000000000             1
   -0.25000000000000   -0.25000000000000   -0.18750000000000             1
    0.00000000000000    0.00000000000000   -0.12500000000000             1
    0.25000000000000    0.00000000000000   -0.12500000000000             1
    0.50000000000000    0.00000000000000   -0.12500000000000             1
   -0.25000000000000    0.00000000000000   -0.12500000000000             1
    0.00000000000000    0.25000000000000   -0.12500000000000             1
    0.25000000000000    0.25000000000000   -0.12500000000000             1
    0.50000000000000    0.25000000000000   -0.12500000000000             1
   -0.25000000000000    0.25000000000000   -0.12500000000000             1
    0.00000000000000    0.50000000000000   -0.12500000000000             1
    0.25000000000000    0.50000000000000   -0.12500000000000             1
    0.50000000000000    0.50000000000000   -0.12500000000000             1
   -0.25000000000000    0.50000000000000   -0.12500000000000             1
    0.00000000000000   -0.25000000000000   -0.12500000000000             1
    0.25000000000000   -0.25000000000000   -0.12500000000000             1
    0.50000000000000   -0.25000000000000   -0.12500000000000             1
   -0.25000000000000   -0.25000000000000   -0.12500000000000             1
    0.00000000000000    0.00000000000000   -0.06250000000000             1
    0.25000000000000    0.00000000000000   -0.06250000000000             1
    0.50000000000000    0.00000000000000   -0.06250000000000             1
   -0.25000000000000   -0.00000000000000   -0.06250000000000             1
    0.00000000000000    0.25000000000000   -0.06250000000000             1
    0.25000000000000    0.25000000000000   -0.06250000000000             1
    0.50000000000000    0.25000000000000   -0.06250000000000             1
   -0.25000000000000    0.25000000000000   -0.06250000000000             1
    0.00000000000000    0.50000000000000   -0.06250000000000             1
    0.25000000000000    0.50000000000000   -0.06250000000000             1
    0.50000000000000    0.50000000000000   -0.06250000000000             1
   -0.25000000000000    0.50000000000000   -0.06250000000000             1
   -0.00000000000000   -0.25000000000000   -0.06250000000000             1
    0.25000000000000   -0.25000000000000   -0.06250000000000             1
    0.50000000000000   -0.25000000000000   -0.06250000000000             1
   -0.25000000000000   -0.25000000000000   -0.06250000000000             1
