Automatically generated mesh
     128
Reciprocal lattice
    0.06250000000000    0.12500000000000    0.12500000000000             1
    0.18750000000000    0.12500000000000    0.12500000000000             1
    0.31250000000000    0.12500000000000    0.12500000000000             1
    0.43750000000000    0.12500000000000    0.12500000000000             1
   -0.43750000000000    0.12500000000000    0.12500000000000             1
   -0.31250000000000    0.12500000000000    0.12500000000000             1
   -0.18750000000000    0.12500000000000    0.12500000000000             1
   -0.06250000000000    0.12500000000000    0.12500000000000             1
    0.06250000000000    0.37500000000000    0.12500000000000             1
    0.18750000000000    0.37500000000000    0.12500000000000             1
    0.31250000000000    0.37500000000000    0.12500000000000             1
    0.43750000000000    0.37500000000000    0.12500000000000             1
   -0.43750000000000    0.37500000000000    0.12500000000000             1
   -0.31250000000000    0.37500000000000    0.12500000000000             1
   -0.18750000000000    0.37500000000000    0.12500000000000             1
   -0.06250000000000    0.37500000000000    0.12500000000000             1
    0.06250000000000   -0.37500000000000    0.12500000000000             1
    0.18750000000000   -0.37500000000000    0.12500000000000             1
    0.31250000000000   -0.37500000000000    0.12500000000000             1
    0.43750000000000   -0.37500000000000    0.12500000000000             1
   -0.43750000000000   -0.37500000000000    0.12500000000000             1
   -0.31250000000000   -0.37500000000000    0.12500000000000             1
   -0.18750000000000   -0.37500000000000    0.12500000000000             1
   -0.06250000000000   -0.37500000000000    0.12500000000000             1
    0.06250000000000   -0.12500000000000    0.12500000000000             1
    0.18750000000000   -0.12500000000000    0.12500000000000             1
    0.31250000000000   -0.12500000000000    0.12500000000000             1
    0.43750000000000   -0.12500000000000    0.12500000000000             1
   -0.43750000000000   -0.12500000000000    0.12500000000000             1
   -0.31250000000000   -0.12500000000000    0.12500000000000             1
   -0.18750000000000   -0.12500000000000    0.12500000000000             1
   -0.06250000000000   -0.12500000000000    0.12500000000000             1
    0.06250000000000    0.12500000000000    0.37500000000000             1
    0.18750000000000    0.12500000000000    0.37500000000000             1
    0.31250000000000    0.12500000000000    0.37500000000000             1
    0.43750000000000    0.12500000000000    0.37500000000000             1
   -0.43750000000000    0.12500000000000    0.37500000000000             1
   -0.31250000000000    0.12500000000000    0.37500000000000             1
   -0.18750000000000    0.12500000000000    0.37500000000000             1
   -0.06250000000000    0.12500000000000    0.37500000000000             1
    0.06250000000000    0.37500000000000    0.37500000000000             1
    0.18750000000000    0.37500000000000    0.37500000000000             1
    0.31250000000000    0.37500000000000    0.37500000000000             1
    0.43750000000000    0.37500000000000    0.37500000000000             1
   -0.43750000000000    0.37500000000000    0.37500000000000             1
   -0.31250000000000    0.37500000000000    0.37500000000000             1
   -0.18750000000000    0.37500000000000    0.37500000000000             1
   -0.06250000000000    0.37500000000000    0.37500000000000             1
    0.06250000000000   -0.37500000000000    0.37500000000000             1
    0.18750000000000   -0.37500000000000    0.37500000000000             1
    0.31250000000000   -0.37500000000000    0.37500000000000             1
    0.43750000000000   -0.37500000000000    0.37500000000000             1
   -0.43750000000000   -0.37500000000000    0.37500000000000             1
   -0.31250000000000   -0.37500000000000    0.37500000000000             1
   -0.18750000000000   -0.37500000000000    0.37500000000000             1
   -0.06250000000000   -0.37500000000000    0.37500000000000             1
    0.06250000000000   -0.12500000000000    0.37500000000000             1
    0.18750000000000   -0.12500000000000    0.37500000000000             1
    0.31250000000000   -0.12500000000000    0.37500000000000             1
    0.43750000000000   -0.12500000000000    0.37500000000000             1
   -0.43750000000000   -0.12500000000000    0.37500000000000             1
   -0.31250000000000   -0.12500000000000    0.37500000000000             1
   -0.18750000000000   -0.12500000000000    0.37500000000000             1
   -0.06250000000000   -0.12500000000000    0.37500000000000             1
    0.06250000000000    0.12500000000000   -0.37500000000000             1
    0.18750000000000    0.12500000000000   -0.37500000000000             1
    0.31250000000000    0.12500000000000   -0.37500000000000             1
    0.43750000000000    0.12500000000000   -0.37500000000000             1
   -0.43750000000000    0.12500000000000   -0.37500000000000             1
   -0.31250000000000    0.12500000000000   -0.37500000000000             1
   -0.18750000000000    0.12500000000000   -0.37500000000000             1
   -0.06250000000000    0.12500000000000   -0.37500000000000             1
    0.06250000000000    0.37500000000000   -0.37500000000000             1
    0.18750000000000    0.37500000000000   -0.37500000000000             1
    0.31250000000000    0.37500000000000   -0.37500000000000             1
    0.43750000000000    0.37500000000000   -0.37500000000000             1
   -0.43750000000000    0.37500000000000   -0.37500000000000             1
   -0.31250000000000    0.37500000000000   -0.37500000000000             1
   -0.18750000000000    0.37500000000000   -0.37500000000000             1
   -0.06250000000000    0.37500000000000   -0.37500000000000             1
    0.06250000000000   -0.37500000000000   -0.37500000000000             1
    0.18750000000000   -0.37500000000000   -0.37500000000000             1
    0.31250000000000   -0.37500000000000   -0.37500000000000             1
    0.43750000000000   -0.37500000000000   -0.37500000000000             1
   -0.43750000000000   -0.37500000000000   -0.37500000000000             1
   -0.31250000000000   -0.37500000000000   -0.37500000000000             1
   -0.18750000000000   -0.37500000000000   -0.37500000000000             1
   -0.06250000000000   -0.37500000000000   -0.37500000000000             1
    0.06250000000000   -0.12500000000000   -0.37500000000000             1
    0.18750000000000   -0.12500000000000   -0.37500000000000             1
    0.31250000000000   -0.12500000000000   -0.37500000000000             1
    0.43750000000000   -0.12500000000000   -0.37500000000000             1
   -0.43750000000000   -0.12500000000000   -0.37500000000000             1
   -0.31250000000000   -0.12500000000000   -0.37500000000000             1
   -0.18750000000000   -0.12500000000000   -0.37500000000000             1
   -0.06250000000000   -0.12500000000000   -0.37500000000000             1
    0.06250000000000    0.12500000000000   -0.12500000000000             1
    0.18750000000000    0.12500000000000   -0.12500000000000             1
    0.31250000000000    0.12500000000000   -0.12500000000000             1
    0.43750000000000    0.12500000000000   -0.12500000000000             1
   -0.43750000000000    0.12500000000000   -0.12500000000000             1
   -0.31250000000000    0.12500000000000   -0.12500000000000             1
   -0.18750000000000    0.12500000000000   -0.12500000000000             1
   -0.06250000000000    0.12500000000000   -0.12500000000000             1
    0.06250000000000    0.37500000000000   -0.12500000000000             1
    0.18750000000000    0.37500000000000   -0.12500000000000             1
    0.31250000000000    0.37500000000000   -0.12500000000000             1
    0.43750000000000    0.37500000000000   -0.12500000000000             1
   -0.43750000000000    0.37500000000000   -0.12500000000000             1
   -0.31250000000000    0.37500000000000   -0.12500000000000             1
   -0.18750000000000    0.37500000000000   -0.12500000000000             1
   -0.06250000000000    0.37500000000000   -0.12500000000000             1
    0.06250000000000   -0.37500000000000   -0.12500000000000             1
    0.18750000000000   -0.37500000000000   -0.12500000000000             1
    0.31250000000000   -0.37500000000000   -0.12500000000000             1
    0.43750000000000   -0.37500000000000   -0.12500000000000             1
   -0.43750000000000   -0.37500000000000   -0.12500000000000             1
   -0.31250000000000   -0.37500000000000   -0.12500000000000             1
   -0.18750000000000   -0.37500000000000   -0.12500000000000             1
   -0.06250000000000   -0.37500000000000   -0.12500000000000             1
    0.06250000000000   -0.12500000000000   -0.12500000000000             1
    0.18750000000000   -0.12500000000000   -0.12500000000000             1
    0.31250000000000   -0.12500000000000   -0.12500000000000             1
    0.43750000000000   -0.12500000000000   -0.12500000000000             1
   -0.43750000000000   -0.12500000000000   -0.12500000000000             1
   -0.31250000000000   -0.12500000000000   -0.12500000000000             1
   -0.18750000000000   -0.12500000000000   -0.12500000000000             1
   -0.06250000000000   -0.12500000000000   -0.12500000000000             1
