Automatically generated mesh
     630
Reciprocal lattice
    0.00000000000000    0.00000000000000    0.00000000000000             1
    0.10000000000000   -0.00000000000000    0.00000000000000             1
    0.20000000000000   -0.00000000000000    0.00000000000000             1
    0.30000000000000   -0.00000000000000    0.00000000000000             1
    0.40000000000000   -0.00000000000000    0.00000000000000             1
    0.50000000000000    0.00000000000000    0.00000000000000             1
   -0.40000000000000    0.00000000000000    0.00000000000000             1
   -0.30000000000000    0.00000000000000    0.00000000000000             1
   -0.20000000000000    0.00000000000000    0.00000000000000             1
   -0.10000000000000    0.00000000000000    0.00000000000000             1
    0.00000000000000    0.14285714285715    0.00000000000000             1
    0.10000000000000    0.14285714285715    0.00000000000000             1
    0.20000000000000    0.14285714285715    0.00000000000000             1
    0.30000000000000    0.14285714285715    0.00000000000000             1
    0.40000000000000    0.14285714285715    0.00000000000000             1
    0.50000000000000    0.14285714285715    0.00000000000000             1
   -0.40000000000000    0.14285714285715    0.00000000000000             1
   -0.30000000000000    0.14285714285715    0.00000000000000             1
   -0.20000000000000    0.14285714285715    0.00000000000000             1
   -0.10000000000000    0.14285714285715    0.00000000000000             1
    0.00000000000000    0.28571428571428    0.00000000000000             1
    0.10000000000000    0.28571428571428    0.00000000000000             1
    0.20000000000000    0.28571428571428    0.00000000000000             1
    0.30000000000000    0.28571428571428    0.00000000000000             1
    0.40000000000000    0.28571428571428    0.00000000000000             1
    0.50000000000000    0.28571428571428    0.00000000000000             1
   -0.40000000000000    0.28571428571428    0.00000000000000             1
   -0.30000000000000    0.28571428571428    0.00000000000000             1
   -0.20000000000000    0.28571428571428    0.00000000000000             1
   -0.10000000000000    0.28571428571428    0.00000000000000             1
    0.00000000000000    0.42857142857143    0.00000000000000             1
    0.10000000000000    0.42857142857143    0.00000000000000             1
    0.20000000000000    0.42857142857143    0.00000000000000             1
    0.30000000000000    0.42857142857143    0.00000000000000             1
    0.40000000000000    0.42857142857143    0.00000000000000             1
    0.50000000000000    0.42857142857143    0.00000000000000             1
   -0.40000000000000    0.42857142857143    0.00000000000000             1
   -0.30000000000000    0.42857142857143    0.00000000000000             1
   -0.20000000000000    0.42857142857143    0.00000000000000             1
   -0.10000000000000    0.42857142857143    0.00000000000000             1
    0.00000000000000   -0.42857142857143    0.00000000000000             1
    0.10000000000000   -0.42857142857143    0.00000000000000             1
    0.20000000000000   -0.42857142857143    0.00000000000000             1
    0.30000000000000   -0.42857142857143    0.00000000000000             1
    0.40000000000000   -0.42857142857143    0.00000000000000             1
    0.50000000000000   -0.42857142857143    0.00000000000000             1
   -0.40000000000000   -0.42857142857143    0.00000000000000             1
   -0.30000000000000   -0.42857142857143    0.00000000000000             1
   -0.20000000000000   -0.42857142857143    0.00000000000000             1
   -0.10000000000000   -0.42857142857143    0.00000000000000             1
    0.00000000000000   -0.28571428571428    0.00000000000000             1
    0.10000000000000   -0.28571428571428    0.00000000000000             1
    0.20000000000000   -0.28571428571428    0.00000000000000             1
    0.30000000000000   -0.28571428571428    0.00000000000000             1
    0.40000000000000   -0.28571428571428    0.00000000000000             1
    0.50000000000000   -0.28571428571428    0.00000000000000             1
   -0.40000000000000   -0.28571428571428    0.00000000000000             1
   -0.30000000000000   -0.28571428571428    0.00000000000000             1
   -0.20000000000000   -0.28571428571428    0.00000000000000             1
   -0.10000000000000   -0.28571428571428    0.00000000000000             1
    0.00000000000000   -0.14285714285715    0.00000000000000             1
    0.10000000000000   -0.14285714285715    0.00000000000000             1
    0.20000000000000   -0.14285714285715    0.00000000000000             1
    0.30000000000000   -0.14285714285715    0.00000000000000             1
    0.40000000000000   -0.14285714285715    0.00000000000000             1
    0.50000000000000   -0.14285714285715    0.00000000000000             1
   -0.40000000000000   -0.14285714285715    0.00000000000000             1
   -0.30000000000000   -0.14285714285715    0.00000000000000             1
   -0.20000000000000   -0.14285714285715    0.00000000000000             1
   -0.10000000000000   -0.14285714285715    0.00000000000000             1
    0.00000000000000    0.00000000000000    0.11111111111111             1
    0.10000000000000   -0.00000000000000    0.11111111111111             1
    0.20000000000000   -0.00000000000000    0.11111111111111             1
    0.30000000000000   -0.00000000000000    0.11111111111111             1
    0.40000000000000   -0.00000000000000    0.11111111111111             1
    0.50000000000000    0.00000000000000    0.11111111111111             1
   -0.40000000000000    0.00000000000000    0.11111111111111             1
   -0.30000000000000    0.00000000000000    0.11111111111111             1
   -0.20000000000000    0.00000000000000    0.11111111111111             1
   -0.10000000000000    0.00000000000000    0.11111111111111             1
    0.00000000000000    0.14285714285715    0.11111111111111             1
    0.10000000000000    0.14285714285715    0.11111111111111             1
    0.20000000000000    0.14285714285715    0.11111111111111             1
    0.30000000000000    0.14285714285715    0.11111111111111             1
    0.40000000000000    0.14285714285715    0.11111111111111             1
    0.50000000000000    0.14285714285715    0.11111111111111             1
   -0.40000000000000    0.14285714285715    0.11111111111111             1
   -0.30000000000000    0.14285714285715    0.11111111111111             1
   -0.20000000000000    0.14285714285715    0.11111111111111             1
   -0.10000000000000    0.14285714285715    0.11111111111111             1
    0.00000000000000    0.28571428571428    0.11111111111111             1
    0.10000000000000    0.28571428571428    0.11111111111111             1
    0.20000000000000    0.28571428571428    0.11111111111111             1
    0.30000000000000    0.28571428571428    0.11111111111111             1
    0.40000000000000    0.28571428571428    0.11111111111111             1
    0.50000000000000    0.28571428571428    0.11111111111111             1
   -0.40000000000000    0.28571428571428    0.11111111111111             1
   -0.30000000000000    0.28571428571428    0.11111111111111             1
   -0.20000000000000    0.28571428571428    0.11111111111111             1
   -0.10000000000000    0.28571428571428    0.11111111111111             1
    0.00000000000000    0.42857142857143    0.11111111111111             1
    0.10000000000000    0.42857142857143    0.11111111111111             1
    0.20000000000000    0.42857142857143    0.11111111111111             1
    0.30000000000000    0.42857142857143    0.11111111111111             1
    0.40000000000000    0.42857142857143    0.11111111111111             1
    0.50000000000000    0.42857142857143    0.11111111111111             1
   -0.40000000000000    0.42857142857143    0.11111111111111             1
   -0.30000000000000    0.42857142857143    0.11111111111111             1
   -0.20000000000000    0.42857142857143    0.11111111111111             1
   -0.10000000000000    0.42857142857143    0.11111111111111             1
    0.00000000000000   -0.42857142857143    0.11111111111111             1
    0.10000000000000   -0.42857142857143    0.11111111111111             1
    0.20000000000000   -0.42857142857143    0.11111111111111             1
    0.30000000000000   -0.42857142857143    0.11111111111111             1
    0.40000000000000   -0.42857142857143    0.11111111111111             1
    0.50000000000000   -0.42857142857143    0.11111111111111             1
   -0.40000000000000   -0.42857142857143    0.11111111111111             1
   -0.30000000000000   -0.42857142857143    0.11111111111111             1
   -0.20000000000000   -0.42857142857143    0.11111111111111             1
   -0.10000000000000   -0.42857142857143    0.11111111111111             1
    0.00000000000000   -0.28571428571428    0.11111111111111             1
    0.10000000000000   -0.28571428571428    0.11111111111111             1
    0.20000000000000   -0.28571428571428    0.11111111111111             1
    0.30000000000000   -0.28571428571428    0.11111111111111             1
    0.40000000000000   -0.28571428571428    0.11111111111111             1
    0.50000000000000   -0.28571428571428    0.11111111111111             1
   -0.40000000000000   -0.28571428571428    0.11111111111111             1
   -0.30000000000000   -0.28571428571428    0.11111111111111             1
   -0.20000000000000   -0.28571428571428    0.11111111111111             1
   -0.10000000000000   -0.28571428571428    0.11111111111111             1
    0.00000000000000   -0.14285714285715    0.11111111111111             1
    0.10000000000000   -0.14285714285715    0.11111111111111             1
    0.20000000000000   -0.14285714285715    0.11111111111111             1
    0.30000000000000   -0.14285714285715    0.11111111111111             1
    0.40000000000000   -0.14285714285715    0.11111111111111             1
    0.50000000000000   -0.14285714285715    0.11111111111111             1
   -0.40000000000000   -0.14285714285715    0.11111111111111             1
   -0.30000000000000   -0.14285714285715    0.11111111111111             1
   -0.20000000000000   -0.14285714285715    0.11111111111111             1
   -0.10000000000000   -0.14285714285715    0.11111111111111             1
    0.00000000000000    0.00000000000000    0.22222222222222             1
    0.10000000000000   -0.00000000000000    0.22222222222222             1
    0.20000000000000   -0.00000000000000    0.22222222222222             1
    0.30000000000000   -0.00000000000000    0.22222222222222             1
    0.40000000000000   -0.00000000000000    0.22222222222222             1
    0.50000000000000    0.00000000000000    0.22222222222222             1
   -0.40000000000000    0.00000000000000    0.22222222222222             1
   -0.30000000000000    0.00000000000000    0.22222222222222             1
   -0.20000000000000    0.00000000000000    0.22222222222222             1
   -0.10000000000000    0.00000000000000    0.22222222222222             1
    0.00000000000000    0.14285714285715    0.22222222222222             1
    0.10000000000000    0.14285714285715    0.22222222222222             1
    0.20000000000000    0.14285714285715    0.22222222222222             1
    0.30000000000000    0.14285714285715    0.22222222222222             1
    0.40000000000000    0.14285714285715    0.22222222222222             1
    0.50000000000000    0.14285714285715    0.22222222222222             1
   -0.40000000000000    0.14285714285715    0.22222222222222             1
   -0.30000000000000    0.14285714285715    0.22222222222222             1
   -0.20000000000000    0.14285714285715    0.22222222222222             1
   -0.10000000000000    0.14285714285715    0.22222222222222             1
    0.00000000000000    0.28571428571428    0.22222222222222             1
    0.10000000000000    0.28571428571428    0.22222222222222             1
    0.20000000000000    0.28571428571428    0.22222222222222             1
    0.30000000000000    0.28571428571428    0.22222222222222             1
    0.40000000000000    0.28571428571428    0.22222222222222             1
    0.50000000000000    0.28571428571428    0.22222222222222             1
   -0.40000000000000    0.28571428571428    0.22222222222222             1
   -0.30000000000000    0.28571428571428    0.22222222222222             1
   -0.20000000000000    0.28571428571428    0.22222222222222             1
   -0.10000000000000    0.28571428571428    0.22222222222222             1
    0.00000000000000    0.42857142857143    0.22222222222222             1
    0.10000000000000    0.42857142857143    0.22222222222222             1
    0.20000000000000    0.42857142857143    0.22222222222222             1
    0.30000000000000    0.42857142857143    0.22222222222222             1
    0.40000000000000    0.42857142857143    0.22222222222222             1
    0.50000000000000    0.42857142857143    0.22222222222222             1
   -0.40000000000000    0.42857142857143    0.22222222222222             1
   -0.30000000000000    0.42857142857143    0.22222222222222             1
   -0.20000000000000    0.42857142857143    0.22222222222222             1
   -0.10000000000000    0.42857142857143    0.22222222222222             1
    0.00000000000000   -0.42857142857143    0.22222222222222             1
    0.10000000000000   -0.42857142857143    0.22222222222222             1
    0.20000000000000   -0.42857142857143    0.22222222222222             1
    0.30000000000000   -0.42857142857143    0.22222222222222             1
    0.40000000000000   -0.42857142857143    0.22222222222222             1
    0.50000000000000   -0.42857142857143    0.22222222222222             1
   -0.40000000000000   -0.42857142857143    0.22222222222222             1
   -0.30000000000000   -0.42857142857143    0.22222222222222             1
   -0.20000000000000   -0.42857142857143    0.22222222222222             1
   -0.10000000000000   -0.42857142857143    0.22222222222222             1
    0.00000000000000   -0.28571428571428    0.22222222222222             1
    0.10000000000000   -0.28571428571428    0.22222222222222             1
    0.20000000000000   -0.28571428571428    0.22222222222222             1
    0.30000000000000   -0.28571428571428    0.22222222222222             1
    0.40000000000000   -0.28571428571428    0.22222222222222             1
    0.50000000000000   -0.28571428571428    0.22222222222222             1
   -0.40000000000000   -0.28571428571428    0.22222222222222             1
   -0.30000000000000   -0.28571428571428    0.22222222222222             1
   -0.20000000000000   -0.28571428571428    0.22222222222222             1
   -0.10000000000000   -0.28571428571428    0.22222222222222             1
    0.00000000000000   -0.14285714285715    0.22222222222222             1
    0.10000000000000   -0.14285714285715    0.22222222222222             1
    0.20000000000000   -0.14285714285715    0.22222222222222             1
    0.30000000000000   -0.14285714285715    0.22222222222222             1
    0.40000000000000   -0.14285714285715    0.22222222222222             1
    0.50000000000000   -0.14285714285715    0.22222222222222             1
   -0.40000000000000   -0.14285714285715    0.22222222222222             1
   -0.30000000000000   -0.14285714285715    0.22222222222222             1
   -0.20000000000000   -0.14285714285715    0.22222222222222             1
   -0.10000000000000   -0.14285714285715    0.22222222222222             1
    0.00000000000000    0.00000000000000    0.33333333333334             1
    0.10000000000000   -0.00000000000000    0.33333333333334             1
    0.20000000000000   -0.00000000000000    0.33333333333334             1
    0.30000000000000   -0.00000000000000    0.33333333333334             1
    0.40000000000000   -0.00000000000000    0.33333333333334             1
    0.50000000000000    0.00000000000000    0.33333333333334             1
   -0.40000000000000    0.00000000000000    0.33333333333334             1
   -0.30000000000000    0.00000000000000    0.33333333333334             1
   -0.20000000000000    0.00000000000000    0.33333333333334             1
   -0.10000000000000    0.00000000000000    0.33333333333334             1
    0.00000000000000    0.14285714285715    0.33333333333334             1
    0.10000000000000    0.14285714285715    0.33333333333334             1
    0.20000000000000    0.14285714285715    0.33333333333334             1
    0.30000000000000    0.14285714285715    0.33333333333334             1
    0.40000000000000    0.14285714285715    0.33333333333334             1
    0.50000000000000    0.14285714285715    0.33333333333334             1
   -0.40000000000000    0.14285714285715    0.33333333333334             1
   -0.30000000000000    0.14285714285715    0.33333333333334             1
   -0.20000000000000    0.14285714285715    0.33333333333334             1
   -0.10000000000000    0.14285714285715    0.33333333333334             1
    0.00000000000000    0.28571428571428    0.33333333333334             1
    0.10000000000000    0.28571428571428    0.33333333333334             1
    0.20000000000000    0.28571428571428    0.33333333333334             1
    0.30000000000000    0.28571428571428    0.33333333333334             1
    0.40000000000000    0.28571428571428    0.33333333333334             1
    0.50000000000000    0.28571428571428    0.33333333333334             1
   -0.40000000000000    0.28571428571428    0.33333333333334             1
   -0.30000000000000    0.28571428571428    0.33333333333334             1
   -0.20000000000000    0.28571428571428    0.33333333333334             1
   -0.10000000000000    0.28571428571428    0.33333333333334             1
    0.00000000000000    0.42857142857143    0.33333333333334             1
    0.10000000000000    0.42857142857143    0.33333333333334             1
    0.20000000000000    0.42857142857143    0.33333333333334             1
    0.30000000000000    0.42857142857143    0.33333333333334             1
    0.40000000000000    0.42857142857143    0.33333333333334             1
    0.50000000000000    0.42857142857143    0.33333333333334             1
   -0.40000000000000    0.42857142857143    0.33333333333334             1
   -0.30000000000000    0.42857142857143    0.33333333333334             1
   -0.20000000000000    0.42857142857143    0.33333333333334             1
   -0.10000000000000    0.42857142857143    0.33333333333334             1
    0.00000000000000   -0.42857142857143    0.33333333333334             1
    0.10000000000000   -0.42857142857143    0.33333333333334             1
    0.20000000000000   -0.42857142857143    0.33333333333334             1
    0.30000000000000   -0.42857142857143    0.33333333333334             1
    0.40000000000000   -0.42857142857143    0.33333333333334             1
    0.50000000000000   -0.42857142857143    0.33333333333334             1
   -0.40000000000000   -0.42857142857143    0.33333333333334             1
   -0.30000000000000   -0.42857142857143    0.33333333333334             1
   -0.20000000000000   -0.42857142857143    0.33333333333334             1
   -0.10000000000000   -0.42857142857143    0.33333333333334             1
    0.00000000000000   -0.28571428571428    0.33333333333334             1
    0.10000000000000   -0.28571428571428    0.33333333333334             1
    0.20000000000000   -0.28571428571428    0.33333333333334             1
    0.30000000000000   -0.28571428571428    0.33333333333334             1
    0.40000000000000   -0.28571428571428    0.33333333333334             1
    0.50000000000000   -0.28571428571428    0.33333333333334             1
   -0.40000000000000   -0.28571428571428    0.33333333333334             1
   -0.30000000000000   -0.28571428571428    0.33333333333334             1
   -0.20000000000000   -0.28571428571428    0.33333333333334             1
   -0.10000000000000   -0.28571428571428    0.33333333333334             1
    0.00000000000000   -0.14285714285715    0.33333333333334             1
    0.10000000000000   -0.14285714285715    0.33333333333334             1
    0.20000000000000   -0.14285714285715    0.33333333333334             1
    0.30000000000000   -0.14285714285715    0.33333333333334             1
    0.40000000000000   -0.14285714285715    0.33333333333334             1
    0.50000000000000   -0.14285714285715    0.33333333333334             1
   -0.40000000000000   -0.14285714285715    0.33333333333334             1
   -0.30000000000000   -0.14285714285715    0.33333333333334             1
   -0.20000000000000   -0.14285714285715    0.33333333333334             1
   -0.10000000000000   -0.14285714285715    0.33333333333334             1
    0.00000000000000    0.00000000000000    0.44444444444444             1
    0.10000000000000   -0.00000000000000    0.44444444444444             1
    0.20000000000000   -0.00000000000000    0.44444444444444             1
    0.30000000000000   -0.00000000000000    0.44444444444444             1
    0.40000000000000   -0.00000000000000    0.44444444444444             1
    0.50000000000000    0.00000000000000    0.44444444444444             1
   -0.40000000000000    0.00000000000000    0.44444444444444             1
   -0.30000000000000    0.00000000000000    0.44444444444444             1
   -0.20000000000000    0.00000000000000    0.44444444444444             1
   -0.10000000000000    0.00000000000000    0.44444444444444             1
    0.00000000000000    0.14285714285715    0.44444444444444             1
    0.10000000000000    0.14285714285715    0.44444444444444             1
    0.20000000000000    0.14285714285715    0.44444444444444             1
    0.30000000000000    0.14285714285715    0.44444444444444             1
    0.40000000000000    0.14285714285715    0.44444444444444             1
    0.50000000000000    0.14285714285715    0.44444444444444             1
   -0.40000000000000    0.14285714285715    0.44444444444444             1
   -0.30000000000000    0.14285714285715    0.44444444444444             1
   -0.20000000000000    0.14285714285715    0.44444444444444             1
   -0.10000000000000    0.14285714285715    0.44444444444444             1
    0.00000000000000    0.28571428571428    0.44444444444444             1
    0.10000000000000    0.28571428571428    0.44444444444444             1
    0.20000000000000    0.28571428571428    0.44444444444444             1
    0.30000000000000    0.28571428571428    0.44444444444444             1
    0.40000000000000    0.28571428571428    0.44444444444444             1
    0.50000000000000    0.28571428571428    0.44444444444444             1
   -0.40000000000000    0.28571428571428    0.44444444444444             1
   -0.30000000000000    0.28571428571428    0.44444444444444             1
   -0.20000000000000    0.28571428571428    0.44444444444444             1
   -0.10000000000000    0.28571428571428    0.44444444444444             1
    0.00000000000000    0.42857142857143    0.44444444444444             1
    0.10000000000000    0.42857142857143    0.44444444444444             1
    0.20000000000000    0.42857142857143    0.44444444444444             1
    0.30000000000000    0.42857142857143    0.44444444444444             1
    0.40000000000000    0.42857142857143    0.44444444444444             1
    0.50000000000000    0.42857142857143    0.44444444444444             1
   -0.40000000000000    0.42857142857143    0.44444444444444             1
   -0.30000000000000    0.42857142857143    0.44444444444444             1
   -0.20000000000000    0.42857142857143    0.44444444444444             1
   -0.10000000000000    0.42857142857143    0.44444444444444             1
    0.00000000000000   -0.42857142857143    0.44444444444444             1
    0.10000000000000   -0.42857142857143    0.44444444444444             1
    0.20000000000000   -0.42857142857143    0.44444444444444             1
    0.30000000000000   -0.42857142857143    0.44444444444444             1
    0.40000000000000   -0.42857142857143    0.44444444444444             1
    0.50000000000000   -0.42857142857143    0.44444444444444             1
   -0.40000000000000   -0.42857142857143    0.44444444444444             1
   -0.30000000000000   -0.42857142857143    0.44444444444444             1
   -0.20000000000000   -0.42857142857143    0.44444444444444             1
   -0.10000000000000   -0.42857142857143    0.44444444444444             1
    0.00000000000000   -0.28571428571428    0.44444444444444             1
    0.10000000000000   -0.28571428571428    0.44444444444444             1
    0.20000000000000   -0.28571428571428    0.44444444444444             1
    0.30000000000000   -0.28571428571428    0.44444444444444             1
    0.40000000000000   -0.28571428571428    0.44444444444444             1
    0.50000000000000   -0.28571428571428    0.44444444444444             1
   -0.40000000000000   -0.28571428571428    0.44444444444444             1
   -0.30000000000000   -0.28571428571428    0.44444444444444             1
   -0.20000000000000   -0.28571428571428    0.44444444444444             1
   -0.10000000000000   -0.28571428571428    0.44444444444444             1
    0.00000000000000   -0.14285714285715    0.44444444444444             1
    0.10000000000000   -0.14285714285715    0.44444444444444             1
    0.20000000000000   -0.14285714285715    0.44444444444444             1
    0.30000000000000   -0.14285714285715    0.44444444444444             1
    0.40000000000000   -0.14285714285715    0.44444444444444             1
    0.50000000000000   -0.14285714285715    0.44444444444444             1
   -0.40000000000000   -0.14285714285715    0.44444444444444             1
   -0.30000000000000   -0.14285714285715    0.44444444444444             1
   -0.20000000000000   -0.14285714285715    0.44444444444444             1
   -0.10000000000000   -0.14285714285715    0.44444444444444             1
    0.00000000000000    0.00000000000000   -0.44444444444444             1
    0.10000000000000   -0.00000000000000   -0.44444444444444             1
    0.20000000000000   -0.00000000000000   -0.44444444444444             1
    0.30000000000000   -0.00000000000000   -0.44444444444444             1
    0.40000000000000   -0.00000000000000   -0.44444444444444             1
    0.50000000000000    0.00000000000000   -0.44444444444444             1
   -0.40000000000000    0.00000000000000   -0.44444444444444             1
   -0.30000000000000    0.00000000000000   -0.44444444444444             1
   -0.20000000000000    0.00000000000000   -0.44444444444444             1
   -0.10000000000000    0.00000000000000   -0.44444444444444             1
    0.00000000000000    0.14285714285715   -0.44444444444444             1
    0.10000000000000    0.14285714285715   -0.44444444444444             1
    0.20000000000000    0.14285714285715   -0.44444444444444             1
    0.30000000000000    0.14285714285715   -0.44444444444444             1
    0.40000000000000    0.14285714285715   -0.44444444444444             1
    0.50000000000000    0.14285714285715   -0.44444444444444             1
   -0.40000000000000    0.14285714285715   -0.44444444444444             1
   -0.30000000000000    0.14285714285715   -0.44444444444444             1
   -0.20000000000000    0.14285714285715   -0.44444444444444             1
   -0.10000000000000    0.14285714285715   -0.44444444444444             1
    0.00000000000000    0.28571428571428   -0.44444444444444             1
    0.10000000000000    0.28571428571428   -0.44444444444444             1
    0.20000000000000    0.28571428571428   -0.44444444444444             1
    0.30000000000000    0.28571428571428   -0.44444444444444             1
    0.40000000000000    0.28571428571428   -0.44444444444444             1
    0.50000000000000    0.28571428571428   -0.44444444444444             1
   -0.40000000000000    0.28571428571428   -0.44444444444444             1
   -0.30000000000000    0.28571428571428   -0.44444444444444             1
   -0.20000000000000    0.28571428571428   -0.44444444444444             1
   -0.10000000000000    0.28571428571428   -0.44444444444444             1
    0.00000000000000    0.42857142857143   -0.44444444444444             1
    0.10000000000000    0.42857142857143   -0.44444444444444             1
    0.20000000000000    0.42857142857143   -0.44444444444444             1
    0.30000000000000    0.42857142857143   -0.44444444444444             1
    0.40000000000000    0.42857142857143   -0.44444444444444             1
    0.50000000000000    0.42857142857143   -0.44444444444444             1
   -0.40000000000000    0.42857142857143   -0.44444444444444             1
   -0.30000000000000    0.42857142857143   -0.44444444444444             1
   -0.20000000000000    0.42857142857143   -0.44444444444444             1
   -0.10000000000000    0.42857142857143   -0.44444444444444             1
    0.00000000000000   -0.42857142857143   -0.44444444444444             1
    0.10000000000000   -0.42857142857143   -0.44444444444444             1
    0.20000000000000   -0.42857142857143   -0.44444444444444             1
    0.30000000000000   -0.42857142857143   -0.44444444444444             1
    0.40000000000000   -0.42857142857143   -0.44444444444444             1
    0.50000000000000   -0.42857142857143   -0.44444444444444             1
   -0.40000000000000   -0.42857142857143   -0.44444444444444             1
   -0.30000000000000   -0.42857142857143   -0.44444444444444             1
   -0.20000000000000   -0.42857142857143   -0.44444444444444             1
   -0.10000000000000   -0.42857142857143   -0.44444444444444             1
    0.00000000000000   -0.28571428571428   -0.44444444444444             1
    0.10000000000000   -0.28571428571428   -0.44444444444444             1
    0.20000000000000   -0.28571428571428   -0.44444444444444             1
    0.30000000000000   -0.28571428571428   -0.44444444444444             1
    0.40000000000000   -0.28571428571428   -0.44444444444444             1
    0.50000000000000   -0.28571428571428   -0.44444444444444             1
   -0.40000000000000   -0.28571428571428   -0.44444444444444             1
   -0.30000000000000   -0.28571428571428   -0.44444444444444             1
   -0.20000000000000   -0.28571428571428   -0.44444444444444             1
   -0.10000000000000   -0.28571428571428   -0.44444444444444             1
    0.00000000000000   -0.14285714285715   -0.44444444444444             1
    0.10000000000000   -0.14285714285715   -0.44444444444444             1
    0.20000000000000   -0.14285714285715   -0.44444444444444             1
    0.30000000000000   -0.14285714285715   -0.44444444444444             1
    0.40000000000000   -0.14285714285715   -0.44444444444444             1
    0.50000000000000   -0.14285714285715   -0.44444444444444             1
   -0.40000000000000   -0.14285714285715   -0.44444444444444             1
   -0.30000000000000   -0.14285714285715   -0.44444444444444             1
   -0.20000000000000   -0.14285714285715   -0.44444444444444             1
   -0.10000000000000   -0.14285714285715   -0.44444444444444             1
    0.00000000000000    0.00000000000000   -0.33333333333334             1
    0.10000000000000   -0.00000000000000   -0.33333333333334             1
    0.20000000000000   -0.00000000000000   -0.33333333333334             1
    0.30000000000000   -0.00000000000000   -0.33333333333334             1
    0.40000000000000   -0.00000000000000   -0.33333333333334             1
    0.50000000000000    0.00000000000000   -0.33333333333334             1
   -0.40000000000000    0.00000000000000   -0.33333333333334             1
   -0.30000000000000    0.00000000000000   -0.33333333333334             1
   -0.20000000000000    0.00000000000000   -0.33333333333334             1
   -0.10000000000000    0.00000000000000   -0.33333333333334             1
    0.00000000000000    0.14285714285715   -0.33333333333334             1
    0.10000000000000    0.14285714285715   -0.33333333333334             1
    0.20000000000000    0.14285714285715   -0.33333333333334             1
    0.30000000000000    0.14285714285715   -0.33333333333334             1
    0.40000000000000    0.14285714285715   -0.33333333333334             1
    0.50000000000000    0.14285714285715   -0.33333333333334             1
   -0.40000000000000    0.14285714285715   -0.33333333333334             1
   -0.30000000000000    0.14285714285715   -0.33333333333334             1
   -0.20000000000000    0.14285714285715   -0.33333333333334             1
   -0.10000000000000    0.14285714285715   -0.33333333333334             1
    0.00000000000000    0.28571428571428   -0.33333333333334             1
    0.10000000000000    0.28571428571428   -0.33333333333334             1
    0.20000000000000    0.28571428571428   -0.33333333333334             1
    0.30000000000000    0.28571428571428   -0.33333333333334             1
    0.40000000000000    0.28571428571428   -0.33333333333334             1
    0.50000000000000    0.28571428571428   -0.33333333333334             1
   -0.40000000000000    0.28571428571428   -0.33333333333334             1
   -0.30000000000000    0.28571428571428   -0.33333333333334             1
   -0.20000000000000    0.28571428571428   -0.33333333333334             1
   -0.10000000000000    0.28571428571428   -0.33333333333334             1
    0.00000000000000    0.42857142857143   -0.33333333333334             1
    0.10000000000000    0.42857142857143   -0.33333333333334             1
    0.20000000000000    0.42857142857143   -0.33333333333334             1
    0.30000000000000    0.42857142857143   -0.33333333333334             1
    0.40000000000000    0.42857142857143   -0.33333333333334             1
    0.50000000000000    0.42857142857143   -0.33333333333334             1
   -0.40000000000000    0.42857142857143   -0.33333333333334             1
   -0.30000000000000    0.42857142857143   -0.33333333333334             1
   -0.20000000000000    0.42857142857143   -0.33333333333334             1
   -0.10000000000000    0.42857142857143   -0.33333333333334             1
    0.00000000000000   -0.42857142857143   -0.33333333333334             1
    0.10000000000000   -0.42857142857143   -0.33333333333334             1
    0.20000000000000   -0.42857142857143   -0.33333333333334             1
    0.30000000000000   -0.42857142857143   -0.33333333333334             1
    0.40000000000000   -0.42857142857143   -0.33333333333334             1
    0.50000000000000   -0.42857142857143   -0.33333333333334             1
   -0.40000000000000   -0.42857142857143   -0.33333333333334             1
   -0.30000000000000   -0.42857142857143   -0.33333333333334             1
   -0.20000000000000   -0.42857142857143   -0.33333333333334             1
   -0.10000000000000   -0.42857142857143   -0.33333333333334             1
    0.00000000000000   -0.28571428571428   -0.33333333333334             1
    0.10000000000000   -0.28571428571428   -0.33333333333334             1
    0.20000000000000   -0.28571428571428   -0.33333333333334             1
    0.30000000000000   -0.28571428571428   -0.33333333333334             1
    0.40000000000000   -0.28571428571428   -0.33333333333334             1
    0.50000000000000   -0.28571428571428   -0.33333333333334             1
   -0.40000000000000   -0.28571428571428   -0.33333333333334             1
   -0.30000000000000   -0.28571428571428   -0.33333333333334             1
   -0.20000000000000   -0.28571428571428   -0.33333333333334             1
   -0.10000000000000   -0.28571428571428   -0.33333333333334             1
    0.00000000000000   -0.14285714285715   -0.33333333333334             1
    0.10000000000000   -0.14285714285715   -0.33333333333334             1
    0.20000000000000   -0.14285714285715   -0.33333333333334             1
    0.30000000000000   -0.14285714285715   -0.33333333333334             1
    0.40000000000000   -0.14285714285715   -0.33333333333334             1
    0.50000000000000   -0.14285714285715   -0.33333333333334             1
   -0.40000000000000   -0.14285714285715   -0.33333333333334             1
   -0.30000000000000   -0.14285714285715   -0.33333333333334             1
   -0.20000000000000   -0.14285714285715   -0.33333333333334             1
   -0.10000000000000   -0.14285714285715   -0.33333333333334             1
    0.00000000000000    0.00000000000000   -0.22222222222222             1
    0.10000000000000   -0.00000000000000   -0.22222222222222             1
    0.20000000000000   -0.00000000000000   -0.22222222222222             1
    0.30000000000000   -0.00000000000000   -0.22222222222222             1
    0.40000000000000   -0.00000000000000   -0.22222222222222             1
    0.50000000000000    0.00000000000000   -0.22222222222222             1
   -0.40000000000000    0.00000000000000   -0.22222222222222             1
   -0.30000000000000    0.00000000000000   -0.22222222222222             1
   -0.20000000000000    0.00000000000000   -0.22222222222222             1
   -0.10000000000000    0.00000000000000   -0.22222222222222             1
    0.00000000000000    0.14285714285715   -0.22222222222222             1
    0.10000000000000    0.14285714285715   -0.22222222222222             1
    0.20000000000000    0.14285714285715   -0.22222222222222             1
    0.30000000000000    0.14285714285715   -0.22222222222222             1
    0.40000000000000    0.14285714285715   -0.22222222222222             1
    0.50000000000000    0.14285714285715   -0.22222222222222             1
   -0.40000000000000    0.14285714285715   -0.22222222222222             1
   -0.30000000000000    0.14285714285715   -0.22222222222222             1
   -0.20000000000000    0.14285714285715   -0.22222222222222             1
   -0.10000000000000    0.14285714285715   -0.22222222222222             1
    0.00000000000000    0.28571428571428   -0.22222222222222             1
    0.10000000000000    0.28571428571428   -0.22222222222222             1
    0.20000000000000    0.28571428571428   -0.22222222222222             1
    0.30000000000000    0.28571428571428   -0.22222222222222             1
    0.40000000000000    0.28571428571428   -0.22222222222222             1
    0.50000000000000    0.28571428571428   -0.22222222222222             1
   -0.40000000000000    0.28571428571428   -0.22222222222222             1
   -0.30000000000000    0.28571428571428   -0.22222222222222             1
   -0.20000000000000    0.28571428571428   -0.22222222222222             1
   -0.10000000000000    0.28571428571428   -0.22222222222222             1
    0.00000000000000    0.42857142857143   -0.22222222222222             1
    0.10000000000000    0.42857142857143   -0.22222222222222             1
    0.20000000000000    0.42857142857143   -0.22222222222222             1
    0.30000000000000    0.42857142857143   -0.22222222222222             1
    0.40000000000000    0.42857142857143   -0.22222222222222             1
    0.50000000000000    0.42857142857143   -0.22222222222222             1
   -0.40000000000000    0.42857142857143   -0.22222222222222             1
   -0.30000000000000    0.42857142857143   -0.22222222222222             1
   -0.20000000000000    0.42857142857143   -0.22222222222222             1
   -0.10000000000000    0.42857142857143   -0.22222222222222             1
    0.00000000000000   -0.42857142857143   -0.22222222222222             1
    0.10000000000000   -0.42857142857143   -0.22222222222222             1
    0.20000000000000   -0.42857142857143   -0.22222222222222             1
    0.30000000000000   -0.42857142857143   -0.22222222222222             1
    0.40000000000000   -0.42857142857143   -0.22222222222222             1
    0.50000000000000   -0.42857142857143   -0.22222222222222             1
   -0.40000000000000   -0.42857142857143   -0.22222222222222             1
   -0.30000000000000   -0.42857142857143   -0.22222222222222             1
   -0.20000000000000   -0.42857142857143   -0.22222222222222             1
   -0.10000000000000   -0.42857142857143   -0.22222222222222             1
    0.00000000000000   -0.28571428571428   -0.22222222222222             1
    0.10000000000000   -0.28571428571428   -0.22222222222222             1
    0.20000000000000   -0.28571428571428   -0.22222222222222             1
    0.30000000000000   -0.28571428571428   -0.22222222222222             1
    0.40000000000000   -0.28571428571428   -0.22222222222222             1
    0.50000000000000   -0.28571428571428   -0.22222222222222             1
   -0.40000000000000   -0.28571428571428   -0.22222222222222             1
   -0.30000000000000   -0.28571428571428   -0.22222222222222             1
   -0.20000000000000   -0.28571428571428   -0.22222222222222             1
   -0.10000000000000   -0.28571428571428   -0.22222222222222             1
    0.00000000000000   -0.14285714285715   -0.22222222222222             1
    0.10000000000000   -0.14285714285715   -0.22222222222222             1
    0.20000000000000   -0.14285714285715   -0.22222222222222             1
    0.30000000000000   -0.14285714285715   -0.22222222222222             1
    0.40000000000000   -0.14285714285715   -0.22222222222222             1
    0.50000000000000   -0.14285714285715   -0.22222222222222             1
   -0.40000000000000   -0.14285714285715   -0.22222222222222             1
   -0.30000000000000   -0.14285714285715   -0.22222222222222             1
   -0.20000000000000   -0.14285714285715   -0.22222222222222             1
   -0.10000000000000   -0.14285714285715   -0.22222222222222             1
    0.00000000000000    0.00000000000000   -0.11111111111111             1
    0.10000000000000   -0.00000000000000   -0.11111111111111             1
    0.20000000000000   -0.00000000000000   -0.11111111111111             1
    0.30000000000000   -0.00000000000000   -0.11111111111111             1
    0.40000000000000   -0.00000000000000   -0.11111111111111             1
    0.50000000000000    0.00000000000000   -0.11111111111111             1
   -0.40000000000000    0.00000000000000   -0.11111111111111             1
   -0.30000000000000    0.00000000000000   -0.11111111111111             1
   -0.20000000000000    0.00000000000000   -0.11111111111111             1
   -0.10000000000000    0.00000000000000   -0.11111111111111             1
    0.00000000000000    0.14285714285715   -0.11111111111111             1
    0.10000000000000    0.14285714285715   -0.11111111111111             1
    0.20000000000000    0.14285714285715   -0.11111111111111             1
    0.30000000000000    0.14285714285715   -0.11111111111111             1
    0.40000000000000    0.14285714285715   -0.11111111111111             1
    0.50000000000000    0.14285714285715   -0.11111111111111             1
   -0.40000000000000    0.14285714285715   -0.11111111111111             1
   -0.30000000000000    0.14285714285715   -0.11111111111111             1
   -0.20000000000000    0.14285714285715   -0.11111111111111             1
   -0.10000000000000    0.14285714285715   -0.11111111111111             1
    0.00000000000000    0.28571428571428   -0.11111111111111             1
    0.10000000000000    0.28571428571428   -0.11111111111111             1
    0.20000000000000    0.28571428571428   -0.11111111111111             1
    0.30000000000000    0.28571428571428   -0.11111111111111             1
    0.40000000000000    0.28571428571428   -0.11111111111111             1
    0.50000000000000    0.28571428571428   -0.11111111111111             1
   -0.40000000000000    0.28571428571428   -0.11111111111111             1
   -0.30000000000000    0.28571428571428   -0.11111111111111             1
   -0.20000000000000    0.28571428571428   -0.11111111111111             1
   -0.10000000000000    0.28571428571428   -0.11111111111111             1
    0.00000000000000    0.42857142857143   -0.11111111111111             1
    0.10000000000000    0.42857142857143   -0.11111111111111             1
    0.20000000000000    0.42857142857143   -0.11111111111111             1
    0.30000000000000    0.42857142857143   -0.11111111111111             1
    0.40000000000000    0.42857142857143   -0.11111111111111             1
    0.50000000000000    0.42857142857143   -0.11111111111111             1
   -0.40000000000000    0.42857142857143   -0.11111111111111             1
   -0.30000000000000    0.42857142857143   -0.11111111111111             1
   -0.20000000000000    0.42857142857143   -0.11111111111111             1
   -0.10000000000000    0.42857142857143   -0.11111111111111             1
    0.00000000000000   -0.42857142857143   -0.11111111111111             1
    0.10000000000000   -0.42857142857143   -0.11111111111111             1
    0.20000000000000   -0.42857142857143   -0.11111111111111             1
    0.30000000000000   -0.42857142857143   -0.11111111111111             1
    0.40000000000000   -0.42857142857143   -0.11111111111111             1
    0.50000000000000   -0.42857142857143   -0.11111111111111             1
   -0.40000000000000   -0.42857142857143   -0.11111111111111             1
   -0.30000000000000   -0.42857142857143   -0.11111111111111             1
   -0.20000000000000   -0.42857142857143   -0.11111111111111             1
   -0.10000000000000   -0.42857142857143   -0.11111111111111             1
    0.00000000000000   -0.28571428571428   -0.11111111111111             1
    0.10000000000000   -0.28571428571428   -0.11111111111111             1
    0.20000000000000   -0.28571428571428   -0.11111111111111             1
    0.30000000000000   -0.28571428571428   -0.11111111111111             1
    0.40000000000000   -0.28571428571428   -0.11111111111111             1
    0.50000000000000   -0.28571428571428   -0.11111111111111             1
   -0.40000000000000   -0.28571428571428   -0.11111111111111             1
   -0.30000000000000   -0.28571428571428   -0.11111111111111             1
   -0.20000000000000   -0.28571428571428   -0.11111111111111             1
   -0.10000000000000   -0.28571428571428   -0.11111111111111             1
    0.00000000000000   -0.14285714285715   -0.11111111111111             1
    0.10000000000000   -0.14285714285715   -0.11111111111111             1
    0.20000000000000   -0.14285714285715   -0.11111111111111             1
    0.30000000000000   -0.14285714285715   -0.11111111111111             1
    0.40000000000000   -0.14285714285715   -0.11111111111111             1
    0.50000000000000   -0.14285714285715   -0.11111111111111             1
   -0.40000000000000   -0.14285714285715   -0.11111111111111             1
   -0.30000000000000   -0.14285714285715   -0.11111111111111             1
   -0.20000000000000   -0.14285714285715   -0.11111111111111             1
   -0.10000000000000   -0.14285714285715   -0.11111111111111             1
