Automatically generated mesh
     420
Reciprocal lattice
    0.00000000000000    0.00000000000000    0.00000000000000             1
    0.20000000000000   -0.00000000000000   -0.00000000000000             1
    0.40000000000000   -0.00000000000000   -0.00000000000000             1
   -0.40000000000000    0.00000000000000    0.00000000000000             1
   -0.20000000000000    0.00000000000000    0.00000000000000             1
    0.00000000000000    0.16666666666666    0.00000000000000             1
    0.20000000000000    0.16666666666666   -0.00000000000000             1
    0.40000000000000    0.16666666666666   -0.00000000000000             1
   -0.40000000000000    0.16666666666666    0.00000000000000             1
   -0.20000000000000    0.16666666666666    0.00000000000000             1
    0.00000000000000    0.33333333333334    0.00000000000000             1
    0.20000000000000    0.33333333333334    0.00000000000000             1
    0.40000000000000    0.33333333333334   -0.00000000000000             1
   -0.40000000000000    0.33333333333334    0.00000000000000             1
   -0.20000000000000    0.33333333333334    0.00000000000000             1
    0.00000000000000    0.50000000000000    0.00000000000000             1
    0.20000000000000    0.50000000000000    0.00000000000000             1
    0.40000000000000    0.50000000000000   -0.00000000000000             1
   -0.40000000000000    0.50000000000000    0.00000000000000             1
   -0.20000000000000    0.50000000000000    0.00000000000000             1
   -0.00000000000000   -0.33333333333334   -0.00000000000000             1
    0.20000000000000   -0.33333333333334   -0.00000000000000             1
    0.40000000000000   -0.33333333333334   -0.00000000000000             1
   -0.40000000000000   -0.33333333333334    0.00000000000000             1
   -0.20000000000000   -0.33333333333334    0.00000000000000             1
   -0.00000000000000   -0.16666666666666   -0.00000000000000             1
    0.20000000000000   -0.16666666666666   -0.00000000000000             1
    0.40000000000000   -0.16666666666666   -0.00000000000000             1
   -0.40000000000000   -0.16666666666666    0.00000000000000             1
   -0.20000000000000   -0.16666666666666    0.00000000000000             1
   -0.00000000000000    0.00000000000000    0.07142857142857             1
    0.20000000000000   -0.00000000000000    0.07142857142857             1
    0.40000000000000   -0.00000000000000    0.07142857142857             1
   -0.40000000000000    0.00000000000000    0.07142857142857             1
   -0.20000000000000    0.00000000000000    0.07142857142857             1
    0.00000000000000    0.16666666666666    0.07142857142857             1
    0.20000000000000    0.16666666666666    0.07142857142857             1
    0.40000000000000    0.16666666666666    0.07142857142857             1
   -0.40000000000000    0.16666666666666    0.07142857142857             1
   -0.20000000000000    0.16666666666666    0.07142857142857             1
    0.00000000000000    0.33333333333334    0.07142857142857             1
    0.20000000000000    0.33333333333334    0.07142857142857             1
    0.40000000000000    0.33333333333334    0.07142857142857             1
   -0.40000000000000    0.33333333333334    0.07142857142857             1
   -0.20000000000000    0.33333333333334    0.07142857142857             1
    0.00000000000000    0.50000000000000    0.07142857142857             1
    0.20000000000000    0.50000000000000    0.07142857142857             1
    0.40000000000000    0.50000000000000    0.07142857142857             1
   -0.40000000000000    0.50000000000000    0.07142857142857             1
   -0.20000000000000    0.50000000000000    0.07142857142857             1
   -0.00000000000000   -0.33333333333334    0.07142857142857             1
    0.20000000000000   -0.33333333333334    0.07142857142857             1
    0.40000000000000   -0.33333333333334    0.07142857142857             1
   -0.40000000000000   -0.33333333333334    0.07142857142857             1
   -0.20000000000000   -0.33333333333334    0.07142857142857             1
    0.00000000000000   -0.16666666666666    0.07142857142857             1
    0.20000000000000   -0.16666666666666    0.07142857142857             1
    0.40000000000000   -0.16666666666666    0.07142857142857             1
   -0.40000000000000   -0.16666666666666    0.07142857142857             1
   -0.20000000000000   -0.16666666666666    0.07142857142857             1
    0.00000000000000    0.00000000000000    0.14285714285715             1
    0.20000000000000   -0.00000000000000    0.14285714285715             1
    0.40000000000000    0.00000000000000    0.14285714285715             1
   -0.40000000000000    0.00000000000000    0.14285714285715             1
   -0.20000000000000    0.00000000000000    0.14285714285715             1
   -0.00000000000000    0.16666666666666    0.14285714285715             1
    0.20000000000000    0.16666666666666    0.14285714285715             1
    0.40000000000000    0.16666666666666    0.14285714285715             1
   -0.40000000000000    0.16666666666666    0.14285714285715             1
   -0.20000000000000    0.16666666666666    0.14285714285715             1
    0.00000000000000    0.33333333333334    0.14285714285715             1
    0.20000000000000    0.33333333333334    0.14285714285715             1
    0.40000000000000    0.33333333333334    0.14285714285715             1
   -0.40000000000000    0.33333333333334    0.14285714285715             1
   -0.20000000000000    0.33333333333334    0.14285714285715             1
    0.00000000000000    0.50000000000000    0.14285714285715             1
    0.20000000000000    0.50000000000000    0.14285714285715             1
    0.40000000000000    0.50000000000000    0.14285714285715             1
   -0.40000000000000    0.50000000000000    0.14285714285715             1
   -0.20000000000000    0.50000000000000    0.14285714285715             1
   -0.00000000000000   -0.33333333333334    0.14285714285715             1
    0.20000000000000   -0.33333333333334    0.14285714285715             1
    0.40000000000000   -0.33333333333334    0.14285714285715             1
   -0.40000000000000   -0.33333333333334    0.14285714285715             1
   -0.20000000000000   -0.33333333333334    0.14285714285715             1
   -0.00000000000000   -0.16666666666666    0.14285714285715             1
    0.20000000000000   -0.16666666666666    0.14285714285715             1
    0.40000000000000   -0.16666666666666    0.14285714285715             1
   -0.40000000000000   -0.16666666666666    0.14285714285715             1
   -0.20000000000000   -0.16666666666666    0.14285714285715             1
   -0.00000000000000    0.00000000000000    0.21428571428572             1
    0.20000000000000    0.00000000000000    0.21428571428572             1
    0.40000000000000   -0.00000000000000    0.21428571428572             1
   -0.40000000000000    0.00000000000000    0.21428571428572             1
   -0.20000000000000    0.00000000000000    0.21428571428572             1
   -0.00000000000000    0.16666666666666    0.21428571428572             1
    0.20000000000000    0.16666666666666    0.21428571428572             1
    0.40000000000000    0.16666666666666    0.21428571428572             1
   -0.40000000000000    0.16666666666666    0.21428571428572             1
   -0.20000000000000    0.16666666666666    0.21428571428572             1
    0.00000000000000    0.33333333333334    0.21428571428572             1
    0.20000000000000    0.33333333333334    0.21428571428572             1
    0.40000000000000    0.33333333333334    0.21428571428572             1
   -0.40000000000000    0.33333333333334    0.21428571428572             1
   -0.20000000000000    0.33333333333334    0.21428571428572             1
    0.00000000000000    0.50000000000000    0.21428571428572             1
    0.20000000000000    0.50000000000000    0.21428571428572             1
    0.40000000000000    0.50000000000000    0.21428571428572             1
   -0.40000000000000    0.50000000000000    0.21428571428572             1
   -0.20000000000000    0.50000000000000    0.21428571428572             1
   -0.00000000000000   -0.33333333333334    0.21428571428572             1
    0.20000000000000   -0.33333333333334    0.21428571428572             1
    0.40000000000000   -0.33333333333334    0.21428571428572             1
   -0.40000000000000   -0.33333333333334    0.21428571428572             1
   -0.20000000000000   -0.33333333333334    0.21428571428572             1
   -0.00000000000000   -0.16666666666666    0.21428571428572             1
    0.20000000000000   -0.16666666666666    0.21428571428572             1
    0.40000000000000   -0.16666666666666    0.21428571428572             1
   -0.40000000000000   -0.16666666666666    0.21428571428572             1
   -0.20000000000000   -0.16666666666666    0.21428571428572             1
   -0.00000000000000    0.00000000000000    0.28571428571428             1
    0.20000000000000    0.00000000000000    0.28571428571428             1
    0.40000000000000    0.00000000000000    0.28571428571428             1
   -0.40000000000000    0.00000000000000    0.28571428571428             1
   -0.20000000000000   -0.00000000000000    0.28571428571428             1
   -0.00000000000000    0.16666666666666    0.28571428571428             1
    0.20000000000000    0.16666666666666    0.28571428571428             1
    0.40000000000000    0.16666666666666    0.28571428571428             1
   -0.40000000000000    0.16666666666666    0.28571428571428             1
   -0.20000000000000    0.16666666666666    0.28571428571428             1
    0.00000000000000    0.33333333333334    0.28571428571428             1
    0.20000000000000    0.33333333333334    0.28571428571428             1
    0.40000000000000    0.33333333333334    0.28571428571428             1
   -0.40000000000000    0.33333333333334    0.28571428571428             1
   -0.20000000000000    0.33333333333334    0.28571428571428             1
    0.00000000000000    0.50000000000000    0.28571428571428             1
    0.20000000000000    0.50000000000000    0.28571428571428             1
    0.40000000000000    0.50000000000000    0.28571428571428             1
   -0.40000000000000    0.50000000000000    0.28571428571428             1
   -0.20000000000000    0.50000000000000    0.28571428571428             1
   -0.00000000000000   -0.33333333333334    0.28571428571428             1
    0.20000000000000   -0.33333333333334    0.28571428571428             1
    0.40000000000000   -0.33333333333334    0.28571428571428             1
   -0.40000000000000   -0.33333333333334    0.28571428571428             1
   -0.20000000000000   -0.33333333333334    0.28571428571428             1
   -0.00000000000000   -0.16666666666666    0.28571428571428             1
    0.20000000000000   -0.16666666666666    0.28571428571428             1
    0.40000000000000   -0.16666666666666    0.28571428571428             1
   -0.40000000000000   -0.16666666666666    0.28571428571428             1
   -0.20000000000000   -0.16666666666666    0.28571428571428             1
    0.00000000000000    0.00000000000000    0.35714285714285             1
    0.20000000000000    0.00000000000000    0.35714285714285             1
    0.40000000000000   -0.00000000000000    0.35714285714285             1
   -0.40000000000000    0.00000000000000    0.35714285714285             1
   -0.20000000000000    0.00000000000000    0.35714285714285             1
    0.00000000000000    0.16666666666666    0.35714285714285             1
    0.20000000000000    0.16666666666666    0.35714285714285             1
    0.40000000000000    0.16666666666666    0.35714285714285             1
   -0.40000000000000    0.16666666666666    0.35714285714285             1
   -0.20000000000000    0.16666666666666    0.35714285714285             1
    0.00000000000000    0.33333333333334    0.35714285714285             1
    0.20000000000000    0.33333333333334    0.35714285714285             1
    0.40000000000000    0.33333333333334    0.35714285714285             1
   -0.40000000000000    0.33333333333334    0.35714285714285             1
   -0.20000000000000    0.33333333333334    0.35714285714285             1
   -0.00000000000000    0.50000000000000    0.35714285714285             1
    0.20000000000000    0.50000000000000    0.35714285714285             1
    0.40000000000000    0.50000000000000    0.35714285714285             1
   -0.40000000000000    0.50000000000000    0.35714285714285             1
   -0.20000000000000    0.50000000000000    0.35714285714285             1
    0.00000000000000   -0.33333333333334    0.35714285714285             1
    0.20000000000000   -0.33333333333334    0.35714285714285             1
    0.40000000000000   -0.33333333333334    0.35714285714285             1
   -0.40000000000000   -0.33333333333334    0.35714285714285             1
   -0.20000000000000   -0.33333333333334    0.35714285714285             1
    0.00000000000000   -0.16666666666666    0.35714285714285             1
    0.20000000000000   -0.16666666666666    0.35714285714285             1
    0.40000000000000   -0.16666666666666    0.35714285714285             1
   -0.40000000000000   -0.16666666666666    0.35714285714285             1
   -0.20000000000000   -0.16666666666666    0.35714285714285             1
   -0.00000000000000    0.00000000000000    0.42857142857143             1
    0.20000000000000    0.00000000000000    0.42857142857143             1
    0.40000000000000    0.00000000000000    0.42857142857143             1
   -0.40000000000000    0.00000000000000    0.42857142857143             1
   -0.20000000000000    0.00000000000000    0.42857142857143             1
    0.00000000000000    0.16666666666666    0.42857142857143             1
    0.20000000000000    0.16666666666666    0.42857142857143             1
    0.40000000000000    0.16666666666666    0.42857142857143             1
   -0.40000000000000    0.16666666666666    0.42857142857143             1
   -0.20000000000000    0.16666666666666    0.42857142857143             1
    0.00000000000000    0.33333333333334    0.42857142857143             1
    0.20000000000000    0.33333333333334    0.42857142857143             1
    0.40000000000000    0.33333333333334    0.42857142857143             1
   -0.40000000000000    0.33333333333334    0.42857142857143             1
   -0.20000000000000    0.33333333333334    0.42857142857143             1
   -0.00000000000000    0.50000000000000    0.42857142857143             1
    0.20000000000000    0.50000000000000    0.42857142857143             1
    0.40000000000000    0.50000000000000    0.42857142857143             1
   -0.40000000000000    0.50000000000000    0.42857142857143             1
   -0.20000000000000    0.50000000000000    0.42857142857143             1
   -0.00000000000000   -0.33333333333334    0.42857142857143             1
    0.20000000000000   -0.33333333333334    0.42857142857143             1
    0.40000000000000   -0.33333333333334    0.42857142857143             1
   -0.40000000000000   -0.33333333333334    0.42857142857143             1
   -0.20000000000000   -0.33333333333334    0.42857142857143             1
    0.00000000000000   -0.16666666666666    0.42857142857143             1
    0.20000000000000   -0.16666666666666    0.42857142857143             1
    0.40000000000000   -0.16666666666666    0.42857142857143             1
   -0.40000000000000   -0.16666666666666    0.42857142857143             1
   -0.20000000000000   -0.16666666666666    0.42857142857143             1
    0.00000000000000    0.00000000000000    0.50000000000000             1
    0.20000000000000    0.00000000000000    0.50000000000000             1
    0.40000000000000    0.00000000000000    0.50000000000000             1
   -0.40000000000000    0.00000000000000    0.50000000000000             1
   -0.20000000000000    0.00000000000000    0.50000000000000             1
    0.00000000000000    0.16666666666666    0.50000000000000             1
    0.20000000000000    0.16666666666666    0.50000000000000             1
    0.40000000000000    0.16666666666666    0.50000000000000             1
   -0.40000000000000    0.16666666666666    0.50000000000000             1
   -0.20000000000000    0.16666666666666    0.50000000000000             1
    0.00000000000000    0.33333333333334    0.50000000000000             1
    0.20000000000000    0.33333333333334    0.50000000000000             1
    0.40000000000000    0.33333333333334    0.50000000000000             1
   -0.40000000000000    0.33333333333334    0.50000000000000             1
   -0.20000000000000    0.33333333333334    0.50000000000000             1
    0.00000000000000    0.50000000000000    0.50000000000000             1
    0.20000000000000    0.50000000000000    0.50000000000000             1
    0.40000000000000    0.50000000000000    0.50000000000000             1
   -0.40000000000000    0.50000000000000    0.50000000000000             1
   -0.20000000000000    0.50000000000000    0.50000000000000             1
   -0.00000000000000   -0.33333333333334    0.50000000000000             1
    0.20000000000000   -0.33333333333334    0.50000000000000             1
    0.40000000000000   -0.33333333333334    0.50000000000000             1
   -0.40000000000000   -0.33333333333334    0.50000000000000             1
   -0.20000000000000   -0.33333333333334    0.50000000000000             1
   -0.00000000000000   -0.16666666666666    0.50000000000000             1
    0.20000000000000   -0.16666666666666    0.50000000000000             1
    0.40000000000000   -0.16666666666666    0.50000000000000             1
   -0.40000000000000   -0.16666666666666    0.50000000000000             1
   -0.20000000000000   -0.16666666666666    0.50000000000000             1
    0.00000000000000   -0.00000000000000   -0.42857142857143             1
    0.20000000000000   -0.00000000000000   -0.42857142857143             1
    0.40000000000000   -0.00000000000000   -0.42857142857143             1
   -0.40000000000000   -0.00000000000000   -0.42857142857143             1
   -0.20000000000000   -0.00000000000000   -0.42857142857143             1
    0.00000000000000    0.16666666666666   -0.42857142857143             1
    0.20000000000000    0.16666666666666   -0.42857142857143             1
    0.40000000000000    0.16666666666666   -0.42857142857143             1
   -0.40000000000000    0.16666666666666   -0.42857142857143             1
   -0.20000000000000    0.16666666666666   -0.42857142857143             1
    0.00000000000000    0.33333333333334   -0.42857142857143             1
    0.20000000000000    0.33333333333334   -0.42857142857143             1
    0.40000000000000    0.33333333333334   -0.42857142857143             1
   -0.40000000000000    0.33333333333334   -0.42857142857143             1
   -0.20000000000000    0.33333333333334   -0.42857142857143             1
   -0.00000000000000    0.50000000000000   -0.42857142857143             1
    0.20000000000000    0.50000000000000   -0.42857142857143             1
    0.40000000000000    0.50000000000000   -0.42857142857143             1
   -0.40000000000000    0.50000000000000   -0.42857142857143             1
   -0.20000000000000    0.50000000000000   -0.42857142857143             1
    0.00000000000000   -0.33333333333334   -0.42857142857143             1
    0.20000000000000   -0.33333333333334   -0.42857142857143             1
    0.40000000000000   -0.33333333333334   -0.42857142857143             1
   -0.40000000000000   -0.33333333333334   -0.42857142857143             1
   -0.20000000000000   -0.33333333333334   -0.42857142857143             1
    0.00000000000000   -0.16666666666666   -0.42857142857143             1
    0.20000000000000   -0.16666666666666   -0.42857142857143             1
    0.40000000000000   -0.16666666666666   -0.42857142857143             1
   -0.40000000000000   -0.16666666666666   -0.42857142857143             1
   -0.20000000000000   -0.16666666666666   -0.42857142857143             1
    0.00000000000000   -0.00000000000000   -0.35714285714285             1
    0.20000000000000   -0.00000000000000   -0.35714285714285             1
    0.40000000000000   -0.00000000000000   -0.35714285714285             1
   -0.40000000000000    0.00000000000000   -0.35714285714285             1
   -0.20000000000000   -0.00000000000000   -0.35714285714285             1
    0.00000000000000    0.16666666666666   -0.35714285714285             1
    0.20000000000000    0.16666666666666   -0.35714285714285             1
    0.40000000000000    0.16666666666666   -0.35714285714285             1
   -0.40000000000000    0.16666666666666   -0.35714285714285             1
   -0.20000000000000    0.16666666666666   -0.35714285714285             1
    0.00000000000000    0.33333333333334   -0.35714285714285             1
    0.20000000000000    0.33333333333334   -0.35714285714285             1
    0.40000000000000    0.33333333333334   -0.35714285714285             1
   -0.40000000000000    0.33333333333334   -0.35714285714285             1
   -0.20000000000000    0.33333333333334   -0.35714285714285             1
    0.00000000000000    0.50000000000000   -0.35714285714285             1
    0.20000000000000    0.50000000000000   -0.35714285714285             1
    0.40000000000000    0.50000000000000   -0.35714285714285             1
   -0.40000000000000    0.50000000000000   -0.35714285714285             1
   -0.20000000000000    0.50000000000000   -0.35714285714285             1
   -0.00000000000000   -0.33333333333334   -0.35714285714285             1
    0.20000000000000   -0.33333333333334   -0.35714285714285             1
    0.40000000000000   -0.33333333333334   -0.35714285714285             1
   -0.40000000000000   -0.33333333333334   -0.35714285714285             1
   -0.20000000000000   -0.33333333333334   -0.35714285714285             1
    0.00000000000000   -0.16666666666666   -0.35714285714285             1
    0.20000000000000   -0.16666666666666   -0.35714285714285             1
    0.40000000000000   -0.16666666666666   -0.35714285714285             1
   -0.40000000000000   -0.16666666666666   -0.35714285714285             1
   -0.20000000000000   -0.16666666666666   -0.35714285714285             1
    0.00000000000000    0.00000000000000   -0.28571428571428             1
    0.20000000000000    0.00000000000000   -0.28571428571428             1
    0.40000000000000   -0.00000000000000   -0.28571428571428             1
   -0.40000000000000   -0.00000000000000   -0.28571428571428             1
   -0.20000000000000   -0.00000000000000   -0.28571428571428             1
    0.00000000000000    0.16666666666666   -0.28571428571428             1
    0.20000000000000    0.16666666666666   -0.28571428571428             1
    0.40000000000000    0.16666666666666   -0.28571428571428             1
   -0.40000000000000    0.16666666666666   -0.28571428571428             1
   -0.20000000000000    0.16666666666666   -0.28571428571428             1
    0.00000000000000    0.33333333333334   -0.28571428571428             1
    0.20000000000000    0.33333333333334   -0.28571428571428             1
    0.40000000000000    0.33333333333334   -0.28571428571428             1
   -0.40000000000000    0.33333333333334   -0.28571428571428             1
   -0.20000000000000    0.33333333333334   -0.28571428571428             1
    0.00000000000000    0.50000000000000   -0.28571428571428             1
    0.20000000000000    0.50000000000000   -0.28571428571428             1
    0.40000000000000    0.50000000000000   -0.28571428571428             1
   -0.40000000000000    0.50000000000000   -0.28571428571428             1
   -0.20000000000000    0.50000000000000   -0.28571428571428             1
    0.00000000000000   -0.33333333333334   -0.28571428571428             1
    0.20000000000000   -0.33333333333334   -0.28571428571428             1
    0.40000000000000   -0.33333333333334   -0.28571428571428             1
   -0.40000000000000   -0.33333333333334   -0.28571428571428             1
   -0.20000000000000   -0.33333333333334   -0.28571428571428             1
    0.00000000000000   -0.16666666666666   -0.28571428571428             1
    0.20000000000000   -0.16666666666666   -0.28571428571428             1
    0.40000000000000   -0.16666666666666   -0.28571428571428             1
   -0.40000000000000   -0.16666666666666   -0.28571428571428             1
   -0.20000000000000   -0.16666666666666   -0.28571428571428             1
    0.00000000000000   -0.00000000000000   -0.21428571428572             1
    0.20000000000000   -0.00000000000000   -0.21428571428572             1
    0.40000000000000   -0.00000000000000   -0.21428571428572             1
   -0.40000000000000    0.00000000000000   -0.21428571428572             1
   -0.20000000000000   -0.00000000000000   -0.21428571428572             1
    0.00000000000000    0.16666666666666   -0.21428571428572             1
    0.20000000000000    0.16666666666666   -0.21428571428572             1
    0.40000000000000    0.16666666666666   -0.21428571428572             1
   -0.40000000000000    0.16666666666666   -0.21428571428572             1
   -0.20000000000000    0.16666666666666   -0.21428571428572             1
    0.00000000000000    0.33333333333334   -0.21428571428572             1
    0.20000000000000    0.33333333333334   -0.21428571428572             1
    0.40000000000000    0.33333333333334   -0.21428571428572             1
   -0.40000000000000    0.33333333333334   -0.21428571428572             1
   -0.20000000000000    0.33333333333334   -0.21428571428572             1
    0.00000000000000    0.50000000000000   -0.21428571428572             1
    0.20000000000000    0.50000000000000   -0.21428571428572             1
    0.40000000000000    0.50000000000000   -0.21428571428572             1
   -0.40000000000000    0.50000000000000   -0.21428571428572             1
   -0.20000000000000    0.50000000000000   -0.21428571428572             1
   -0.00000000000000   -0.33333333333334   -0.21428571428572             1
    0.20000000000000   -0.33333333333334   -0.21428571428572             1
    0.40000000000000   -0.33333333333334   -0.21428571428572             1
   -0.40000000000000   -0.33333333333334   -0.21428571428572             1
   -0.20000000000000   -0.33333333333334   -0.21428571428572             1
    0.00000000000000   -0.16666666666666   -0.21428571428572             1
    0.20000000000000   -0.16666666666666   -0.21428571428572             1
    0.40000000000000   -0.16666666666666   -0.21428571428572             1
   -0.40000000000000   -0.16666666666666   -0.21428571428572             1
   -0.20000000000000   -0.16666666666666   -0.21428571428572             1
    0.00000000000000   -0.00000000000000   -0.14285714285715             1
    0.20000000000000   -0.00000000000000   -0.14285714285715             1
    0.40000000000000   -0.00000000000000   -0.14285714285715             1
   -0.40000000000000    0.00000000000000   -0.14285714285715             1
   -0.20000000000000    0.00000000000000   -0.14285714285715             1
    0.00000000000000    0.16666666666666   -0.14285714285715             1
    0.20000000000000    0.16666666666666   -0.14285714285715             1
    0.40000000000000    0.16666666666666   -0.14285714285715             1
   -0.40000000000000    0.16666666666666   -0.14285714285715             1
   -0.20000000000000    0.16666666666666   -0.14285714285715             1
    0.00000000000000    0.33333333333334   -0.14285714285715             1
    0.20000000000000    0.33333333333334   -0.14285714285715             1
    0.40000000000000    0.33333333333334   -0.14285714285715             1
   -0.40000000000000    0.33333333333334   -0.14285714285715             1
   -0.20000000000000    0.33333333333334   -0.14285714285715             1
    0.00000000000000    0.50000000000000   -0.14285714285715             1
    0.20000000000000    0.50000000000000   -0.14285714285715             1
    0.40000000000000    0.50000000000000   -0.14285714285715             1
   -0.40000000000000    0.50000000000000   -0.14285714285715             1
   -0.20000000000000    0.50000000000000   -0.14285714285715             1
   -0.00000000000000   -0.33333333333334   -0.14285714285715             1
    0.20000000000000   -0.33333333333334   -0.14285714285715             1
    0.40000000000000   -0.33333333333334   -0.14285714285715             1
   -0.40000000000000   -0.33333333333334   -0.14285714285715             1
   -0.20000000000000   -0.33333333333334   -0.14285714285715             1
    0.00000000000000   -0.16666666666666   -0.14285714285715             1
    0.20000000000000   -0.16666666666666   -0.14285714285715             1
    0.40000000000000   -0.16666666666666   -0.14285714285715             1
   -0.40000000000000   -0.16666666666666   -0.14285714285715             1
   -0.20000000000000   -0.16666666666666   -0.14285714285715             1
    0.00000000000000    0.00000000000000   -0.07142857142857             1
    0.20000000000000   -0.00000000000000   -0.07142857142857             1
    0.40000000000000   -0.00000000000000   -0.07142857142857             1
   -0.40000000000000    0.00000000000000   -0.07142857142857             1
   -0.20000000000000    0.00000000000000   -0.07142857142857             1
   -0.00000000000000    0.16666666666666   -0.07142857142857             1
    0.20000000000000    0.16666666666666   -0.07142857142857             1
    0.40000000000000    0.16666666666666   -0.07142857142857             1
   -0.40000000000000    0.16666666666666   -0.07142857142857             1
   -0.20000000000000    0.16666666666666   -0.07142857142857             1
    0.00000000000000    0.33333333333334   -0.07142857142857             1
    0.20000000000000    0.33333333333334   -0.07142857142857             1
    0.40000000000000    0.33333333333334   -0.07142857142857             1
   -0.40000000000000    0.33333333333334   -0.07142857142857             1
   -0.20000000000000    0.33333333333334   -0.07142857142857             1
    0.00000000000000    0.50000000000000   -0.07142857142857             1
    0.20000000000000    0.50000000000000   -0.07142857142857             1
    0.40000000000000    0.50000000000000   -0.07142857142857             1
   -0.40000000000000    0.50000000000000   -0.07142857142857             1
   -0.20000000000000    0.50000000000000   -0.07142857142857             1
   -0.00000000000000   -0.33333333333334   -0.07142857142857             1
    0.20000000000000   -0.33333333333334   -0.07142857142857             1
    0.40000000000000   -0.33333333333334   -0.07142857142857             1
   -0.40000000000000   -0.33333333333334   -0.07142857142857             1
   -0.20000000000000   -0.33333333333334   -0.07142857142857             1
   -0.00000000000000   -0.16666666666666   -0.07142857142857             1
    0.20000000000000   -0.16666666666666   -0.07142857142857             1
    0.40000000000000   -0.16666666666666   -0.07142857142857             1
   -0.40000000000000   -0.16666666666666   -0.07142857142857             1
   -0.20000000000000   -0.16666666666666   -0.07142857142857             1
