Automatically generated mesh
     567
Reciprocal lattice
    0.00000000000000    0.00000000000000    0.00000000000000             1
    0.11111111111111    0.00000000000000    0.00000000000000             1
    0.22222222222222    0.00000000000000    0.00000000000000             1
    0.33333333333334    0.00000000000000    0.00000000000000             1
    0.44444444444444    0.00000000000000    0.00000000000000             1
   -0.44444444444444    0.00000000000000    0.00000000000000             1
   -0.33333333333334    0.00000000000000    0.00000000000000             1
   -0.22222222222222    0.00000000000000    0.00000000000000             1
   -0.11111111111111    0.00000000000000    0.00000000000000             1
    0.00000000000000    0.11111111111111    0.00000000000000             1
    0.11111111111111    0.11111111111111    0.00000000000000             1
    0.22222222222222    0.11111111111111    0.00000000000000             1
    0.33333333333334    0.11111111111111    0.00000000000000             1
    0.44444444444444    0.11111111111111    0.00000000000000             1
   -0.44444444444444    0.11111111111111    0.00000000000000             1
   -0.33333333333334    0.11111111111111    0.00000000000000             1
   -0.22222222222222    0.11111111111111    0.00000000000000             1
   -0.11111111111111    0.11111111111111    0.00000000000000             1
    0.00000000000000    0.22222222222222    0.00000000000000             1
    0.11111111111111    0.22222222222222    0.00000000000000             1
    0.22222222222222    0.22222222222222    0.00000000000000             1
    0.33333333333334    0.22222222222222    0.00000000000000             1
    0.44444444444444    0.22222222222222    0.00000000000000             1
   -0.44444444444444    0.22222222222222    0.00000000000000             1
   -0.33333333333334    0.22222222222222    0.00000000000000             1
   -0.22222222222222    0.22222222222222    0.00000000000000             1
   -0.11111111111111    0.22222222222222    0.00000000000000             1
    0.00000000000000    0.33333333333334    0.00000000000000             1
    0.11111111111111    0.33333333333334    0.00000000000000             1
    0.22222222222222    0.33333333333334    0.00000000000000             1
    0.33333333333334    0.33333333333334    0.00000000000000             1
    0.44444444444444    0.33333333333334    0.00000000000000             1
   -0.44444444444444    0.33333333333334    0.00000000000000             1
   -0.33333333333334    0.33333333333334    0.00000000000000             1
   -0.22222222222222    0.33333333333334    0.00000000000000             1
   -0.11111111111111    0.33333333333334    0.00000000000000             1
    0.00000000000000    0.44444444444444    0.00000000000000             1
    0.11111111111111    0.44444444444444    0.00000000000000             1
    0.22222222222222    0.44444444444444    0.00000000000000             1
    0.33333333333334    0.44444444444444    0.00000000000000             1
    0.44444444444444    0.44444444444444    0.00000000000000             1
   -0.44444444444444    0.44444444444444    0.00000000000000             1
   -0.33333333333334    0.44444444444444    0.00000000000000             1
   -0.22222222222222    0.44444444444444    0.00000000000000             1
   -0.11111111111111    0.44444444444444    0.00000000000000             1
    0.00000000000000   -0.44444444444444    0.00000000000000             1
    0.11111111111111   -0.44444444444444    0.00000000000000             1
    0.22222222222222   -0.44444444444444    0.00000000000000             1
    0.33333333333334   -0.44444444444444    0.00000000000000             1
    0.44444444444444   -0.44444444444444    0.00000000000000             1
   -0.44444444444444   -0.44444444444444    0.00000000000000             1
   -0.33333333333334   -0.44444444444444    0.00000000000000             1
   -0.22222222222222   -0.44444444444444    0.00000000000000             1
   -0.11111111111111   -0.44444444444444    0.00000000000000             1
    0.00000000000000   -0.33333333333334    0.00000000000000             1
    0.11111111111111   -0.33333333333334    0.00000000000000             1
    0.22222222222222   -0.33333333333334    0.00000000000000             1
    0.33333333333334   -0.33333333333334    0.00000000000000             1
    0.44444444444444   -0.33333333333334    0.00000000000000             1
   -0.44444444444444   -0.33333333333334    0.00000000000000             1
   -0.33333333333334   -0.33333333333334    0.00000000000000             1
   -0.22222222222222   -0.33333333333334    0.00000000000000             1
   -0.11111111111111   -0.33333333333334    0.00000000000000             1
    0.00000000000000   -0.22222222222222    0.00000000000000             1
    0.11111111111111   -0.22222222222222    0.00000000000000             1
    0.22222222222222   -0.22222222222222    0.00000000000000             1
    0.33333333333334   -0.22222222222222    0.00000000000000             1
    0.44444444444444   -0.22222222222222    0.00000000000000             1
   -0.44444444444444   -0.22222222222222    0.00000000000000             1
   -0.33333333333334   -0.22222222222222    0.00000000000000             1
   -0.22222222222222   -0.22222222222222    0.00000000000000             1
   -0.11111111111111   -0.22222222222222    0.00000000000000             1
    0.00000000000000   -0.11111111111111    0.00000000000000             1
    0.11111111111111   -0.11111111111111    0.00000000000000             1
    0.22222222222222   -0.11111111111111    0.00000000000000             1
    0.33333333333334   -0.11111111111111    0.00000000000000             1
    0.44444444444444   -0.11111111111111    0.00000000000000             1
   -0.44444444444444   -0.11111111111111    0.00000000000000             1
   -0.33333333333334   -0.11111111111111    0.00000000000000             1
   -0.22222222222222   -0.11111111111111    0.00000000000000             1
   -0.11111111111111   -0.11111111111111    0.00000000000000             1
    0.00000000000000    0.00000000000000    0.14285714285715             1
    0.11111111111111    0.00000000000000    0.14285714285715             1
    0.22222222222222    0.00000000000000    0.14285714285715             1
    0.33333333333334    0.00000000000000    0.14285714285715             1
    0.44444444444444    0.00000000000000    0.14285714285715             1
   -0.44444444444444    0.00000000000000    0.14285714285715             1
   -0.33333333333334    0.00000000000000    0.14285714285715             1
   -0.22222222222222    0.00000000000000    0.14285714285715             1
   -0.11111111111111    0.00000000000000    0.14285714285715             1
    0.00000000000000    0.11111111111111    0.14285714285715             1
    0.11111111111111    0.11111111111111    0.14285714285715             1
    0.22222222222222    0.11111111111111    0.14285714285715             1
    0.33333333333334    0.11111111111111    0.14285714285715             1
    0.44444444444444    0.11111111111111    0.14285714285715             1
   -0.44444444444444    0.11111111111111    0.14285714285715             1
   -0.33333333333334    0.11111111111111    0.14285714285715             1
   -0.22222222222222    0.11111111111111    0.14285714285715             1
   -0.11111111111111    0.11111111111111    0.14285714285715             1
    0.00000000000000    0.22222222222222    0.14285714285715             1
    0.11111111111111    0.22222222222222    0.14285714285715             1
    0.22222222222222    0.22222222222222    0.14285714285715             1
    0.33333333333334    0.22222222222222    0.14285714285715             1
    0.44444444444444    0.22222222222222    0.14285714285715             1
   -0.44444444444444    0.22222222222222    0.14285714285715             1
   -0.33333333333334    0.22222222222222    0.14285714285715             1
   -0.22222222222222    0.22222222222222    0.14285714285715             1
   -0.11111111111111    0.22222222222222    0.14285714285715             1
    0.00000000000000    0.33333333333334    0.14285714285715             1
    0.11111111111111    0.33333333333334    0.14285714285715             1
    0.22222222222222    0.33333333333334    0.14285714285715             1
    0.33333333333334    0.33333333333334    0.14285714285715             1
    0.44444444444444    0.33333333333334    0.14285714285715             1
   -0.44444444444444    0.33333333333334    0.14285714285715             1
   -0.33333333333334    0.33333333333334    0.14285714285715             1
   -0.22222222222222    0.33333333333334    0.14285714285715             1
   -0.11111111111111    0.33333333333334    0.14285714285715             1
    0.00000000000000    0.44444444444444    0.14285714285715             1
    0.11111111111111    0.44444444444444    0.14285714285715             1
    0.22222222222222    0.44444444444444    0.14285714285715             1
    0.33333333333334    0.44444444444444    0.14285714285715             1
    0.44444444444444    0.44444444444444    0.14285714285715             1
   -0.44444444444444    0.44444444444444    0.14285714285715             1
   -0.33333333333334    0.44444444444444    0.14285714285715             1
   -0.22222222222222    0.44444444444444    0.14285714285715             1
   -0.11111111111111    0.44444444444444    0.14285714285715             1
    0.00000000000000   -0.44444444444444    0.14285714285715             1
    0.11111111111111   -0.44444444444444    0.14285714285715             1
    0.22222222222222   -0.44444444444444    0.14285714285715             1
    0.33333333333334   -0.44444444444444    0.14285714285715             1
    0.44444444444444   -0.44444444444444    0.14285714285715             1
   -0.44444444444444   -0.44444444444444    0.14285714285715             1
   -0.33333333333334   -0.44444444444444    0.14285714285715             1
   -0.22222222222222   -0.44444444444444    0.14285714285715             1
   -0.11111111111111   -0.44444444444444    0.14285714285715             1
    0.00000000000000   -0.33333333333334    0.14285714285715             1
    0.11111111111111   -0.33333333333334    0.14285714285715             1
    0.22222222222222   -0.33333333333334    0.14285714285715             1
    0.33333333333334   -0.33333333333334    0.14285714285715             1
    0.44444444444444   -0.33333333333334    0.14285714285715             1
   -0.44444444444444   -0.33333333333334    0.14285714285715             1
   -0.33333333333334   -0.33333333333334    0.14285714285715             1
   -0.22222222222222   -0.33333333333334    0.14285714285715             1
   -0.11111111111111   -0.33333333333334    0.14285714285715             1
    0.00000000000000   -0.22222222222222    0.14285714285715             1
    0.11111111111111   -0.22222222222222    0.14285714285715             1
    0.22222222222222   -0.22222222222222    0.14285714285715             1
    0.33333333333334   -0.22222222222222    0.14285714285715             1
    0.44444444444444   -0.22222222222222    0.14285714285715             1
   -0.44444444444444   -0.22222222222222    0.14285714285715             1
   -0.33333333333334   -0.22222222222222    0.14285714285715             1
   -0.22222222222222   -0.22222222222222    0.14285714285715             1
   -0.11111111111111   -0.22222222222222    0.14285714285715             1
    0.00000000000000   -0.11111111111111    0.14285714285715             1
    0.11111111111111   -0.11111111111111    0.14285714285715             1
    0.22222222222222   -0.11111111111111    0.14285714285715             1
    0.33333333333334   -0.11111111111111    0.14285714285715             1
    0.44444444444444   -0.11111111111111    0.14285714285715             1
   -0.44444444444444   -0.11111111111111    0.14285714285715             1
   -0.33333333333334   -0.11111111111111    0.14285714285715             1
   -0.22222222222222   -0.11111111111111    0.14285714285715             1
   -0.11111111111111   -0.11111111111111    0.14285714285715             1
    0.00000000000000    0.00000000000000    0.28571428571428             1
    0.11111111111111    0.00000000000000    0.28571428571428             1
    0.22222222222222    0.00000000000000    0.28571428571428             1
    0.33333333333334    0.00000000000000    0.28571428571428             1
    0.44444444444444    0.00000000000000    0.28571428571428             1
   -0.44444444444444    0.00000000000000    0.28571428571428             1
   -0.33333333333334    0.00000000000000    0.28571428571428             1
   -0.22222222222222    0.00000000000000    0.28571428571428             1
   -0.11111111111111    0.00000000000000    0.28571428571428             1
    0.00000000000000    0.11111111111111    0.28571428571428             1
    0.11111111111111    0.11111111111111    0.28571428571428             1
    0.22222222222222    0.11111111111111    0.28571428571428             1
    0.33333333333334    0.11111111111111    0.28571428571428             1
    0.44444444444444    0.11111111111111    0.28571428571428             1
   -0.44444444444444    0.11111111111111    0.28571428571428             1
   -0.33333333333334    0.11111111111111    0.28571428571428             1
   -0.22222222222222    0.11111111111111    0.28571428571428             1
   -0.11111111111111    0.11111111111111    0.28571428571428             1
    0.00000000000000    0.22222222222222    0.28571428571428             1
    0.11111111111111    0.22222222222222    0.28571428571428             1
    0.22222222222222    0.22222222222222    0.28571428571428             1
    0.33333333333334    0.22222222222222    0.28571428571428             1
    0.44444444444444    0.22222222222222    0.28571428571428             1
   -0.44444444444444    0.22222222222222    0.28571428571428             1
   -0.33333333333334    0.22222222222222    0.28571428571428             1
   -0.22222222222222    0.22222222222222    0.28571428571428             1
   -0.11111111111111    0.22222222222222    0.28571428571428             1
    0.00000000000000    0.33333333333334    0.28571428571428             1
    0.11111111111111    0.33333333333334    0.28571428571428             1
    0.22222222222222    0.33333333333334    0.28571428571428             1
    0.33333333333334    0.33333333333334    0.28571428571428             1
    0.44444444444444    0.33333333333334    0.28571428571428             1
   -0.44444444444444    0.33333333333334    0.28571428571428             1
   -0.33333333333334    0.33333333333334    0.28571428571428             1
   -0.22222222222222    0.33333333333334    0.28571428571428             1
   -0.11111111111111    0.33333333333334    0.28571428571428             1
    0.00000000000000    0.44444444444444    0.28571428571428             1
    0.11111111111111    0.44444444444444    0.28571428571428             1
    0.22222222222222    0.44444444444444    0.28571428571428             1
    0.33333333333334    0.44444444444444    0.28571428571428             1
    0.44444444444444    0.44444444444444    0.28571428571428             1
   -0.44444444444444    0.44444444444444    0.28571428571428             1
   -0.33333333333334    0.44444444444444    0.28571428571428             1
   -0.22222222222222    0.44444444444444    0.28571428571428             1
   -0.11111111111111    0.44444444444444    0.28571428571428             1
    0.00000000000000   -0.44444444444444    0.28571428571428             1
    0.11111111111111   -0.44444444444444    0.28571428571428             1
    0.22222222222222   -0.44444444444444    0.28571428571428             1
    0.33333333333334   -0.44444444444444    0.28571428571428             1
    0.44444444444444   -0.44444444444444    0.28571428571428             1
   -0.44444444444444   -0.44444444444444    0.28571428571428             1
   -0.33333333333334   -0.44444444444444    0.28571428571428             1
   -0.22222222222222   -0.44444444444444    0.28571428571428             1
   -0.11111111111111   -0.44444444444444    0.28571428571428             1
    0.00000000000000   -0.33333333333334    0.28571428571428             1
    0.11111111111111   -0.33333333333334    0.28571428571428             1
    0.22222222222222   -0.33333333333334    0.28571428571428             1
    0.33333333333334   -0.33333333333334    0.28571428571428             1
    0.44444444444444   -0.33333333333334    0.28571428571428             1
   -0.44444444444444   -0.33333333333334    0.28571428571428             1
   -0.33333333333334   -0.33333333333334    0.28571428571428             1
   -0.22222222222222   -0.33333333333334    0.28571428571428             1
   -0.11111111111111   -0.33333333333334    0.28571428571428             1
    0.00000000000000   -0.22222222222222    0.28571428571428             1
    0.11111111111111   -0.22222222222222    0.28571428571428             1
    0.22222222222222   -0.22222222222222    0.28571428571428             1
    0.33333333333334   -0.22222222222222    0.28571428571428             1
    0.44444444444444   -0.22222222222222    0.28571428571428             1
   -0.44444444444444   -0.22222222222222    0.28571428571428             1
   -0.33333333333334   -0.22222222222222    0.28571428571428             1
   -0.22222222222222   -0.22222222222222    0.28571428571428             1
   -0.11111111111111   -0.22222222222222    0.28571428571428             1
    0.00000000000000   -0.11111111111111    0.28571428571428             1
    0.11111111111111   -0.11111111111111    0.28571428571428             1
    0.22222222222222   -0.11111111111111    0.28571428571428             1
    0.33333333333334   -0.11111111111111    0.28571428571428             1
    0.44444444444444   -0.11111111111111    0.28571428571428             1
   -0.44444444444444   -0.11111111111111    0.28571428571428             1
   -0.33333333333334   -0.11111111111111    0.28571428571428             1
   -0.22222222222222   -0.11111111111111    0.28571428571428             1
   -0.11111111111111   -0.11111111111111    0.28571428571428             1
    0.00000000000000    0.00000000000000    0.42857142857143             1
    0.11111111111111    0.00000000000000    0.42857142857143             1
    0.22222222222222    0.00000000000000    0.42857142857143             1
    0.33333333333334    0.00000000000000    0.42857142857143             1
    0.44444444444444    0.00000000000000    0.42857142857143             1
   -0.44444444444444    0.00000000000000    0.42857142857143             1
   -0.33333333333334    0.00000000000000    0.42857142857143             1
   -0.22222222222222    0.00000000000000    0.42857142857143             1
   -0.11111111111111    0.00000000000000    0.42857142857143             1
    0.00000000000000    0.11111111111111    0.42857142857143             1
    0.11111111111111    0.11111111111111    0.42857142857143             1
    0.22222222222222    0.11111111111111    0.42857142857143             1
    0.33333333333334    0.11111111111111    0.42857142857143             1
    0.44444444444444    0.11111111111111    0.42857142857143             1
   -0.44444444444444    0.11111111111111    0.42857142857143             1
   -0.33333333333334    0.11111111111111    0.42857142857143             1
   -0.22222222222222    0.11111111111111    0.42857142857143             1
   -0.11111111111111    0.11111111111111    0.42857142857143             1
    0.00000000000000    0.22222222222222    0.42857142857143             1
    0.11111111111111    0.22222222222222    0.42857142857143             1
    0.22222222222222    0.22222222222222    0.42857142857143             1
    0.33333333333334    0.22222222222222    0.42857142857143             1
    0.44444444444444    0.22222222222222    0.42857142857143             1
   -0.44444444444444    0.22222222222222    0.42857142857143             1
   -0.33333333333334    0.22222222222222    0.42857142857143             1
   -0.22222222222222    0.22222222222222    0.42857142857143             1
   -0.11111111111111    0.22222222222222    0.42857142857143             1
    0.00000000000000    0.33333333333334    0.42857142857143             1
    0.11111111111111    0.33333333333334    0.42857142857143             1
    0.22222222222222    0.33333333333334    0.42857142857143             1
    0.33333333333334    0.33333333333334    0.42857142857143             1
    0.44444444444444    0.33333333333334    0.42857142857143             1
   -0.44444444444444    0.33333333333334    0.42857142857143             1
   -0.33333333333334    0.33333333333334    0.42857142857143             1
   -0.22222222222222    0.33333333333334    0.42857142857143             1
   -0.11111111111111    0.33333333333334    0.42857142857143             1
    0.00000000000000    0.44444444444444    0.42857142857143             1
    0.11111111111111    0.44444444444444    0.42857142857143             1
    0.22222222222222    0.44444444444444    0.42857142857143             1
    0.33333333333334    0.44444444444444    0.42857142857143             1
    0.44444444444444    0.44444444444444    0.42857142857143             1
   -0.44444444444444    0.44444444444444    0.42857142857143             1
   -0.33333333333334    0.44444444444444    0.42857142857143             1
   -0.22222222222222    0.44444444444444    0.42857142857143             1
   -0.11111111111111    0.44444444444444    0.42857142857143             1
    0.00000000000000   -0.44444444444444    0.42857142857143             1
    0.11111111111111   -0.44444444444444    0.42857142857143             1
    0.22222222222222   -0.44444444444444    0.42857142857143             1
    0.33333333333334   -0.44444444444444    0.42857142857143             1
    0.44444444444444   -0.44444444444444    0.42857142857143             1
   -0.44444444444444   -0.44444444444444    0.42857142857143             1
   -0.33333333333334   -0.44444444444444    0.42857142857143             1
   -0.22222222222222   -0.44444444444444    0.42857142857143             1
   -0.11111111111111   -0.44444444444444    0.42857142857143             1
    0.00000000000000   -0.33333333333334    0.42857142857143             1
    0.11111111111111   -0.33333333333334    0.42857142857143             1
    0.22222222222222   -0.33333333333334    0.42857142857143             1
    0.33333333333334   -0.33333333333334    0.42857142857143             1
    0.44444444444444   -0.33333333333334    0.42857142857143             1
   -0.44444444444444   -0.33333333333334    0.42857142857143             1
   -0.33333333333334   -0.33333333333334    0.42857142857143             1
   -0.22222222222222   -0.33333333333334    0.42857142857143             1
   -0.11111111111111   -0.33333333333334    0.42857142857143             1
    0.00000000000000   -0.22222222222222    0.42857142857143             1
    0.11111111111111   -0.22222222222222    0.42857142857143             1
    0.22222222222222   -0.22222222222222    0.42857142857143             1
    0.33333333333334   -0.22222222222222    0.42857142857143             1
    0.44444444444444   -0.22222222222222    0.42857142857143             1
   -0.44444444444444   -0.22222222222222    0.42857142857143             1
   -0.33333333333334   -0.22222222222222    0.42857142857143             1
   -0.22222222222222   -0.22222222222222    0.42857142857143             1
   -0.11111111111111   -0.22222222222222    0.42857142857143             1
    0.00000000000000   -0.11111111111111    0.42857142857143             1
    0.11111111111111   -0.11111111111111    0.42857142857143             1
    0.22222222222222   -0.11111111111111    0.42857142857143             1
    0.33333333333334   -0.11111111111111    0.42857142857143             1
    0.44444444444444   -0.11111111111111    0.42857142857143             1
   -0.44444444444444   -0.11111111111111    0.42857142857143             1
   -0.33333333333334   -0.11111111111111    0.42857142857143             1
   -0.22222222222222   -0.11111111111111    0.42857142857143             1
   -0.11111111111111   -0.11111111111111    0.42857142857143             1
    0.00000000000000    0.00000000000000   -0.42857142857143             1
    0.11111111111111    0.00000000000000   -0.42857142857143             1
    0.22222222222222    0.00000000000000   -0.42857142857143             1
    0.33333333333334    0.00000000000000   -0.42857142857143             1
    0.44444444444444    0.00000000000000   -0.42857142857143             1
   -0.44444444444444    0.00000000000000   -0.42857142857143             1
   -0.33333333333334    0.00000000000000   -0.42857142857143             1
   -0.22222222222222    0.00000000000000   -0.42857142857143             1
   -0.11111111111111    0.00000000000000   -0.42857142857143             1
    0.00000000000000    0.11111111111111   -0.42857142857143             1
    0.11111111111111    0.11111111111111   -0.42857142857143             1
    0.22222222222222    0.11111111111111   -0.42857142857143             1
    0.33333333333334    0.11111111111111   -0.42857142857143             1
    0.44444444444444    0.11111111111111   -0.42857142857143             1
   -0.44444444444444    0.11111111111111   -0.42857142857143             1
   -0.33333333333334    0.11111111111111   -0.42857142857143             1
   -0.22222222222222    0.11111111111111   -0.42857142857143             1
   -0.11111111111111    0.11111111111111   -0.42857142857143             1
    0.00000000000000    0.22222222222222   -0.42857142857143             1
    0.11111111111111    0.22222222222222   -0.42857142857143             1
    0.22222222222222    0.22222222222222   -0.42857142857143             1
    0.33333333333334    0.22222222222222   -0.42857142857143             1
    0.44444444444444    0.22222222222222   -0.42857142857143             1
   -0.44444444444444    0.22222222222222   -0.42857142857143             1
   -0.33333333333334    0.22222222222222   -0.42857142857143             1
   -0.22222222222222    0.22222222222222   -0.42857142857143             1
   -0.11111111111111    0.22222222222222   -0.42857142857143             1
    0.00000000000000    0.33333333333334   -0.42857142857143             1
    0.11111111111111    0.33333333333334   -0.42857142857143             1
    0.22222222222222    0.33333333333334   -0.42857142857143             1
    0.33333333333334    0.33333333333334   -0.42857142857143             1
    0.44444444444444    0.33333333333334   -0.42857142857143             1
   -0.44444444444444    0.33333333333334   -0.42857142857143             1
   -0.33333333333334    0.33333333333334   -0.42857142857143             1
   -0.22222222222222    0.33333333333334   -0.42857142857143             1
   -0.11111111111111    0.33333333333334   -0.42857142857143             1
    0.00000000000000    0.44444444444444   -0.42857142857143             1
    0.11111111111111    0.44444444444444   -0.42857142857143             1
    0.22222222222222    0.44444444444444   -0.42857142857143             1
    0.33333333333334    0.44444444444444   -0.42857142857143             1
    0.44444444444444    0.44444444444444   -0.42857142857143             1
   -0.44444444444444    0.44444444444444   -0.42857142857143             1
   -0.33333333333334    0.44444444444444   -0.42857142857143             1
   -0.22222222222222    0.44444444444444   -0.42857142857143             1
   -0.11111111111111    0.44444444444444   -0.42857142857143             1
    0.00000000000000   -0.44444444444444   -0.42857142857143             1
    0.11111111111111   -0.44444444444444   -0.42857142857143             1
    0.22222222222222   -0.44444444444444   -0.42857142857143             1
    0.33333333333334   -0.44444444444444   -0.42857142857143             1
    0.44444444444444   -0.44444444444444   -0.42857142857143             1
   -0.44444444444444   -0.44444444444444   -0.42857142857143             1
   -0.33333333333334   -0.44444444444444   -0.42857142857143             1
   -0.22222222222222   -0.44444444444444   -0.42857142857143             1
   -0.11111111111111   -0.44444444444444   -0.42857142857143             1
    0.00000000000000   -0.33333333333334   -0.42857142857143             1
    0.11111111111111   -0.33333333333334   -0.42857142857143             1
    0.22222222222222   -0.33333333333334   -0.42857142857143             1
    0.33333333333334   -0.33333333333334   -0.42857142857143             1
    0.44444444444444   -0.33333333333334   -0.42857142857143             1
   -0.44444444444444   -0.33333333333334   -0.42857142857143             1
   -0.33333333333334   -0.33333333333334   -0.42857142857143             1
   -0.22222222222222   -0.33333333333334   -0.42857142857143             1
   -0.11111111111111   -0.33333333333334   -0.42857142857143             1
    0.00000000000000   -0.22222222222222   -0.42857142857143             1
    0.11111111111111   -0.22222222222222   -0.42857142857143             1
    0.22222222222222   -0.22222222222222   -0.42857142857143             1
    0.33333333333334   -0.22222222222222   -0.42857142857143             1
    0.44444444444444   -0.22222222222222   -0.42857142857143             1
   -0.44444444444444   -0.22222222222222   -0.42857142857143             1
   -0.33333333333334   -0.22222222222222   -0.42857142857143             1
   -0.22222222222222   -0.22222222222222   -0.42857142857143             1
   -0.11111111111111   -0.22222222222222   -0.42857142857143             1
    0.00000000000000   -0.11111111111111   -0.42857142857143             1
    0.11111111111111   -0.11111111111111   -0.42857142857143             1
    0.22222222222222   -0.11111111111111   -0.42857142857143             1
    0.33333333333334   -0.11111111111111   -0.42857142857143             1
    0.44444444444444   -0.11111111111111   -0.42857142857143             1
   -0.44444444444444   -0.11111111111111   -0.42857142857143             1
   -0.33333333333334   -0.11111111111111   -0.42857142857143             1
   -0.22222222222222   -0.11111111111111   -0.42857142857143             1
   -0.11111111111111   -0.11111111111111   -0.42857142857143             1
    0.00000000000000    0.00000000000000   -0.28571428571428             1
    0.11111111111111    0.00000000000000   -0.28571428571428             1
    0.22222222222222    0.00000000000000   -0.28571428571428             1
    0.33333333333334    0.00000000000000   -0.28571428571428             1
    0.44444444444444    0.00000000000000   -0.28571428571428             1
   -0.44444444444444    0.00000000000000   -0.28571428571428             1
   -0.33333333333334    0.00000000000000   -0.28571428571428             1
   -0.22222222222222    0.00000000000000   -0.28571428571428             1
   -0.11111111111111    0.00000000000000   -0.28571428571428             1
    0.00000000000000    0.11111111111111   -0.28571428571428             1
    0.11111111111111    0.11111111111111   -0.28571428571428             1
    0.22222222222222    0.11111111111111   -0.28571428571428             1
    0.33333333333334    0.11111111111111   -0.28571428571428             1
    0.44444444444444    0.11111111111111   -0.28571428571428             1
   -0.44444444444444    0.11111111111111   -0.28571428571428             1
   -0.33333333333334    0.11111111111111   -0.28571428571428             1
   -0.22222222222222    0.11111111111111   -0.28571428571428             1
   -0.11111111111111    0.11111111111111   -0.28571428571428             1
    0.00000000000000    0.22222222222222   -0.28571428571428             1
    0.11111111111111    0.22222222222222   -0.28571428571428             1
    0.22222222222222    0.22222222222222   -0.28571428571428             1
    0.33333333333334    0.22222222222222   -0.28571428571428             1
    0.44444444444444    0.22222222222222   -0.28571428571428             1
   -0.44444444444444    0.22222222222222   -0.28571428571428             1
   -0.33333333333334    0.22222222222222   -0.28571428571428             1
   -0.22222222222222    0.22222222222222   -0.28571428571428             1
   -0.11111111111111    0.22222222222222   -0.28571428571428             1
    0.00000000000000    0.33333333333334   -0.28571428571428             1
    0.11111111111111    0.33333333333334   -0.28571428571428             1
    0.22222222222222    0.33333333333334   -0.28571428571428             1
    0.33333333333334    0.33333333333334   -0.28571428571428             1
    0.44444444444444    0.33333333333334   -0.28571428571428             1
   -0.44444444444444    0.33333333333334   -0.28571428571428             1
   -0.33333333333334    0.33333333333334   -0.28571428571428             1
   -0.22222222222222    0.33333333333334   -0.28571428571428             1
   -0.11111111111111    0.33333333333334   -0.28571428571428             1
    0.00000000000000    0.44444444444444   -0.28571428571428             1
    0.11111111111111    0.44444444444444   -0.28571428571428             1
    0.22222222222222    0.44444444444444   -0.28571428571428             1
    0.33333333333334    0.44444444444444   -0.28571428571428             1
    0.44444444444444    0.44444444444444   -0.28571428571428             1
   -0.44444444444444    0.44444444444444   -0.28571428571428             1
   -0.33333333333334    0.44444444444444   -0.28571428571428             1
   -0.22222222222222    0.44444444444444   -0.28571428571428             1
   -0.11111111111111    0.44444444444444   -0.28571428571428             1
    0.00000000000000   -0.44444444444444   -0.28571428571428             1
    0.11111111111111   -0.44444444444444   -0.28571428571428             1
    0.22222222222222   -0.44444444444444   -0.28571428571428             1
    0.33333333333334   -0.44444444444444   -0.28571428571428             1
    0.44444444444444   -0.44444444444444   -0.28571428571428             1
   -0.44444444444444   -0.44444444444444   -0.28571428571428             1
   -0.33333333333334   -0.44444444444444   -0.28571428571428             1
   -0.22222222222222   -0.44444444444444   -0.28571428571428             1
   -0.11111111111111   -0.44444444444444   -0.28571428571428             1
    0.00000000000000   -0.33333333333334   -0.28571428571428             1
    0.11111111111111   -0.33333333333334   -0.28571428571428             1
    0.22222222222222   -0.33333333333334   -0.28571428571428             1
    0.33333333333334   -0.33333333333334   -0.28571428571428             1
    0.44444444444444   -0.33333333333334   -0.28571428571428             1
   -0.44444444444444   -0.33333333333334   -0.28571428571428             1
   -0.33333333333334   -0.33333333333334   -0.28571428571428             1
   -0.22222222222222   -0.33333333333334   -0.28571428571428             1
   -0.11111111111111   -0.33333333333334   -0.28571428571428             1
    0.00000000000000   -0.22222222222222   -0.28571428571428             1
    0.11111111111111   -0.22222222222222   -0.28571428571428             1
    0.22222222222222   -0.22222222222222   -0.28571428571428             1
    0.33333333333334   -0.22222222222222   -0.28571428571428             1
    0.44444444444444   -0.22222222222222   -0.28571428571428             1
   -0.44444444444444   -0.22222222222222   -0.28571428571428             1
   -0.33333333333334   -0.22222222222222   -0.28571428571428             1
   -0.22222222222222   -0.22222222222222   -0.28571428571428             1
   -0.11111111111111   -0.22222222222222   -0.28571428571428             1
    0.00000000000000   -0.11111111111111   -0.28571428571428             1
    0.11111111111111   -0.11111111111111   -0.28571428571428             1
    0.22222222222222   -0.11111111111111   -0.28571428571428             1
    0.33333333333334   -0.11111111111111   -0.28571428571428             1
    0.44444444444444   -0.11111111111111   -0.28571428571428             1
   -0.44444444444444   -0.11111111111111   -0.28571428571428             1
   -0.33333333333334   -0.11111111111111   -0.28571428571428             1
   -0.22222222222222   -0.11111111111111   -0.28571428571428             1
   -0.11111111111111   -0.11111111111111   -0.28571428571428             1
    0.00000000000000    0.00000000000000   -0.14285714285715             1
    0.11111111111111    0.00000000000000   -0.14285714285715             1
    0.22222222222222    0.00000000000000   -0.14285714285715             1
    0.33333333333334    0.00000000000000   -0.14285714285715             1
    0.44444444444444    0.00000000000000   -0.14285714285715             1
   -0.44444444444444    0.00000000000000   -0.14285714285715             1
   -0.33333333333334    0.00000000000000   -0.14285714285715             1
   -0.22222222222222    0.00000000000000   -0.14285714285715             1
   -0.11111111111111    0.00000000000000   -0.14285714285715             1
    0.00000000000000    0.11111111111111   -0.14285714285715             1
    0.11111111111111    0.11111111111111   -0.14285714285715             1
    0.22222222222222    0.11111111111111   -0.14285714285715             1
    0.33333333333334    0.11111111111111   -0.14285714285715             1
    0.44444444444444    0.11111111111111   -0.14285714285715             1
   -0.44444444444444    0.11111111111111   -0.14285714285715             1
   -0.33333333333334    0.11111111111111   -0.14285714285715             1
   -0.22222222222222    0.11111111111111   -0.14285714285715             1
   -0.11111111111111    0.11111111111111   -0.14285714285715             1
    0.00000000000000    0.22222222222222   -0.14285714285715             1
    0.11111111111111    0.22222222222222   -0.14285714285715             1
    0.22222222222222    0.22222222222222   -0.14285714285715             1
    0.33333333333334    0.22222222222222   -0.14285714285715             1
    0.44444444444444    0.22222222222222   -0.14285714285715             1
   -0.44444444444444    0.22222222222222   -0.14285714285715             1
   -0.33333333333334    0.22222222222222   -0.14285714285715             1
   -0.22222222222222    0.22222222222222   -0.14285714285715             1
   -0.11111111111111    0.22222222222222   -0.14285714285715             1
    0.00000000000000    0.33333333333334   -0.14285714285715             1
    0.11111111111111    0.33333333333334   -0.14285714285715             1
    0.22222222222222    0.33333333333334   -0.14285714285715             1
    0.33333333333334    0.33333333333334   -0.14285714285715             1
    0.44444444444444    0.33333333333334   -0.14285714285715             1
   -0.44444444444444    0.33333333333334   -0.14285714285715             1
   -0.33333333333334    0.33333333333334   -0.14285714285715             1
   -0.22222222222222    0.33333333333334   -0.14285714285715             1
   -0.11111111111111    0.33333333333334   -0.14285714285715             1
    0.00000000000000    0.44444444444444   -0.14285714285715             1
    0.11111111111111    0.44444444444444   -0.14285714285715             1
    0.22222222222222    0.44444444444444   -0.14285714285715             1
    0.33333333333334    0.44444444444444   -0.14285714285715             1
    0.44444444444444    0.44444444444444   -0.14285714285715             1
   -0.44444444444444    0.44444444444444   -0.14285714285715             1
   -0.33333333333334    0.44444444444444   -0.14285714285715             1
   -0.22222222222222    0.44444444444444   -0.14285714285715             1
   -0.11111111111111    0.44444444444444   -0.14285714285715             1
    0.00000000000000   -0.44444444444444   -0.14285714285715             1
    0.11111111111111   -0.44444444444444   -0.14285714285715             1
    0.22222222222222   -0.44444444444444   -0.14285714285715             1
    0.33333333333334   -0.44444444444444   -0.14285714285715             1
    0.44444444444444   -0.44444444444444   -0.14285714285715             1
   -0.44444444444444   -0.44444444444444   -0.14285714285715             1
   -0.33333333333334   -0.44444444444444   -0.14285714285715             1
   -0.22222222222222   -0.44444444444444   -0.14285714285715             1
   -0.11111111111111   -0.44444444444444   -0.14285714285715             1
    0.00000000000000   -0.33333333333334   -0.14285714285715             1
    0.11111111111111   -0.33333333333334   -0.14285714285715             1
    0.22222222222222   -0.33333333333334   -0.14285714285715             1
    0.33333333333334   -0.33333333333334   -0.14285714285715             1
    0.44444444444444   -0.33333333333334   -0.14285714285715             1
   -0.44444444444444   -0.33333333333334   -0.14285714285715             1
   -0.33333333333334   -0.33333333333334   -0.14285714285715             1
   -0.22222222222222   -0.33333333333334   -0.14285714285715             1
   -0.11111111111111   -0.33333333333334   -0.14285714285715             1
    0.00000000000000   -0.22222222222222   -0.14285714285715             1
    0.11111111111111   -0.22222222222222   -0.14285714285715             1
    0.22222222222222   -0.22222222222222   -0.14285714285715             1
    0.33333333333334   -0.22222222222222   -0.14285714285715             1
    0.44444444444444   -0.22222222222222   -0.14285714285715             1
   -0.44444444444444   -0.22222222222222   -0.14285714285715             1
   -0.33333333333334   -0.22222222222222   -0.14285714285715             1
   -0.22222222222222   -0.22222222222222   -0.14285714285715             1
   -0.11111111111111   -0.22222222222222   -0.14285714285715             1
    0.00000000000000   -0.11111111111111   -0.14285714285715             1
    0.11111111111111   -0.11111111111111   -0.14285714285715             1
    0.22222222222222   -0.11111111111111   -0.14285714285715             1
    0.33333333333334   -0.11111111111111   -0.14285714285715             1
    0.44444444444444   -0.11111111111111   -0.14285714285715             1
   -0.44444444444444   -0.11111111111111   -0.14285714285715             1
   -0.33333333333334   -0.11111111111111   -0.14285714285715             1
   -0.22222222222222   -0.11111111111111   -0.14285714285715             1
   -0.11111111111111   -0.11111111111111   -0.14285714285715             1
