Automatically generated mesh
     125
Reciprocal lattice
    0.00000000000000    0.00000000000000    0.00000000000000             1
    0.20000000000000   -0.00000000000000    0.00000000000000             1
    0.40000000000000    0.00000000000000   -0.00000000000000             1
   -0.40000000000000   -0.00000000000000    0.00000000000000             1
   -0.20000000000000    0.00000000000000   -0.00000000000000             1
   -0.00000000000000    0.20000000000000    0.00000000000000             1
    0.20000000000000    0.20000000000000    0.00000000000000             1
    0.40000000000000    0.20000000000000    0.00000000000000             1
   -0.40000000000000    0.20000000000000    0.00000000000000             1
   -0.20000000000000    0.20000000000000    0.00000000000000             1
    0.00000000000000    0.40000000000000   -0.00000000000000             1
    0.20000000000000    0.40000000000000    0.00000000000000             1
    0.40000000000000    0.40000000000000   -0.00000000000000             1
   -0.40000000000000    0.40000000000000    0.00000000000000             1
   -0.20000000000000    0.40000000000000   -0.00000000000000             1
   -0.00000000000000   -0.40000000000000    0.00000000000000             1
    0.20000000000000   -0.40000000000000    0.00000000000000             1
    0.40000000000000   -0.40000000000000    0.00000000000000             1
   -0.40000000000000   -0.40000000000000    0.00000000000000             1
   -0.20000000000000   -0.40000000000000    0.00000000000000             1
    0.00000000000000   -0.20000000000000   -0.00000000000000             1
    0.20000000000000   -0.20000000000000    0.00000000000000             1
    0.40000000000000   -0.20000000000000   -0.00000000000000             1
   -0.40000000000000   -0.20000000000000    0.00000000000000             1
   -0.20000000000000   -0.20000000000000   -0.00000000000000             1
    0.00000000000000    0.00000000000000    0.20000000000000             1
    0.20000000000000   -0.00000000000000    0.20000000000000             1
    0.40000000000000    0.00000000000000    0.20000000000000             1
   -0.40000000000000   -0.00000000000000    0.20000000000000             1
   -0.20000000000000    0.00000000000000    0.20000000000000             1
   -0.00000000000000    0.20000000000000    0.20000000000000             1
    0.20000000000000    0.20000000000000    0.20000000000000             1
    0.40000000000000    0.20000000000000    0.20000000000000             1
   -0.40000000000000    0.20000000000000    0.20000000000000             1
   -0.20000000000000    0.20000000000000    0.20000000000000             1
    0.00000000000000    0.40000000000000    0.20000000000000             1
    0.20000000000000    0.40000000000000    0.20000000000000             1
    0.40000000000000    0.40000000000000    0.20000000000000             1
   -0.40000000000000    0.40000000000000    0.20000000000000             1
   -0.20000000000000    0.40000000000000    0.20000000000000             1
   -0.00000000000000   -0.40000000000000    0.20000000000000             1
    0.20000000000000   -0.40000000000000    0.20000000000000             1
    0.40000000000000   -0.40000000000000    0.20000000000000             1
   -0.40000000000000   -0.40000000000000    0.20000000000000             1
   -0.20000000000000   -0.40000000000000    0.20000000000000             1
    0.00000000000000   -0.20000000000000    0.20000000000000             1
    0.20000000000000   -0.20000000000000    0.20000000000000             1
    0.40000000000000   -0.20000000000000    0.20000000000000             1
   -0.40000000000000   -0.20000000000000    0.20000000000000             1
   -0.20000000000000   -0.20000000000000    0.20000000000000             1
    0.00000000000000    0.00000000000000    0.40000000000000             1
    0.20000000000000    0.00000000000000    0.40000000000000             1
    0.40000000000000    0.00000000000000    0.40000000000000             1
   -0.40000000000000   -0.00000000000000    0.40000000000000             1
   -0.20000000000000    0.00000000000000    0.40000000000000             1
    0.00000000000000    0.20000000000000    0.40000000000000             1
    0.20000000000000    0.20000000000000    0.40000000000000             1
    0.40000000000000    0.20000000000000    0.40000000000000             1
   -0.40000000000000    0.20000000000000    0.40000000000000             1
   -0.20000000000000    0.20000000000000    0.40000000000000             1
    0.00000000000000    0.40000000000000    0.40000000000000             1
    0.20000000000000    0.40000000000000    0.40000000000000             1
    0.40000000000000    0.40000000000000    0.40000000000000             1
   -0.40000000000000    0.40000000000000    0.40000000000000             1
   -0.20000000000000    0.40000000000000    0.40000000000000             1
   -0.00000000000000   -0.40000000000000    0.40000000000000             1
    0.20000000000000   -0.40000000000000    0.40000000000000             1
    0.40000000000000   -0.40000000000000    0.40000000000000             1
   -0.40000000000000   -0.40000000000000    0.40000000000000             1
   -0.20000000000000   -0.40000000000000    0.40000000000000             1
    0.00000000000000   -0.20000000000000    0.40000000000000             1
    0.20000000000000   -0.20000000000000    0.40000000000000             1
    0.40000000000000   -0.20000000000000    0.40000000000000             1
   -0.40000000000000   -0.20000000000000    0.40000000000000             1
   -0.20000000000000   -0.20000000000000    0.40000000000000             1
    0.00000000000000    0.00000000000000   -0.40000000000000             1
    0.20000000000000   -0.00000000000000   -0.40000000000000             1
    0.40000000000000    0.00000000000000   -0.40000000000000             1
   -0.40000000000000   -0.00000000000000   -0.40000000000000             1
   -0.20000000000000    0.00000000000000   -0.40000000000000             1
   -0.00000000000000    0.20000000000000   -0.40000000000000             1
    0.20000000000000    0.20000000000000   -0.40000000000000             1
    0.40000000000000    0.20000000000000   -0.40000000000000             1
   -0.40000000000000    0.20000000000000   -0.40000000000000             1
   -0.20000000000000    0.20000000000000   -0.40000000000000             1
    0.00000000000000    0.40000000000000   -0.40000000000000             1
    0.20000000000000    0.40000000000000   -0.40000000000000             1
    0.40000000000000    0.40000000000000   -0.40000000000000             1
   -0.40000000000000    0.40000000000000   -0.40000000000000             1
   -0.20000000000000    0.40000000000000   -0.40000000000000             1
   -0.00000000000000   -0.40000000000000   -0.40000000000000             1
    0.20000000000000   -0.40000000000000   -0.40000000000000             1
    0.40000000000000   -0.40000000000000   -0.40000000000000             1
   -0.40000000000000   -0.40000000000000   -0.40000000000000             1
   -0.20000000000000   -0.40000000000000   -0.40000000000000             1
    0.00000000000000   -0.20000000000000   -0.40000000000000             1
    0.20000000000000   -0.20000000000000   -0.40000000000000             1
    0.40000000000000   -0.20000000000000   -0.40000000000000             1
   -0.40000000000000   -0.20000000000000   -0.40000000000000             1
   -0.20000000000000   -0.20000000000000   -0.40000000000000             1
    0.00000000000000    0.00000000000000   -0.20000000000000             1
    0.20000000000000   -0.00000000000000   -0.20000000000000             1
    0.40000000000000    0.00000000000000   -0.20000000000000             1
   -0.40000000000000   -0.00000000000000   -0.20000000000000             1
   -0.20000000000000    0.00000000000000   -0.20000000000000             1
   -0.00000000000000    0.20000000000000   -0.20000000000000             1
    0.20000000000000    0.20000000000000   -0.20000000000000             1
    0.40000000000000    0.20000000000000   -0.20000000000000             1
   -0.40000000000000    0.20000000000000   -0.20000000000000             1
   -0.20000000000000    0.20000000000000   -0.20000000000000             1
    0.00000000000000    0.40000000000000   -0.20000000000000             1
    0.20000000000000    0.40000000000000   -0.20000000000000             1
    0.40000000000000    0.40000000000000   -0.20000000000000             1
   -0.40000000000000    0.40000000000000   -0.20000000000000             1
   -0.20000000000000    0.40000000000000   -0.20000000000000             1
   -0.00000000000000   -0.40000000000000   -0.20000000000000             1
    0.20000000000000   -0.40000000000000   -0.20000000000000             1
    0.40000000000000   -0.40000000000000   -0.20000000000000             1
   -0.40000000000000   -0.40000000000000   -0.20000000000000             1
   -0.20000000000000   -0.40000000000000   -0.20000000000000             1
    0.00000000000000   -0.20000000000000   -0.20000000000000             1
    0.20000000000000   -0.20000000000000   -0.20000000000000             1
    0.40000000000000   -0.20000000000000   -0.20000000000000             1
   -0.40000000000000   -0.20000000000000   -0.20000000000000             1
   -0.20000000000000   -0.20000000000000   -0.20000000000000             1
