Automatically generated mesh
    1152
Reciprocal lattice
    0.04166666666666    0.04166666666666    0.06250000000000             1
    0.12500000000000    0.04166666666666    0.06250000000000             1
    0.20833333333334    0.04166666666666    0.06250000000000             1
    0.29166666666666    0.04166666666666    0.06250000000000             1
    0.37500000000000    0.04166666666666    0.06250000000000             1
    0.45833333333334    0.04166666666666    0.06250000000000             1
   -0.45833333333334    0.04166666666666    0.06250000000000             1
   -0.37500000000000    0.04166666666666    0.06250000000000             1
   -0.29166666666666    0.04166666666666    0.06250000000000             1
   -0.20833333333334    0.04166666666666    0.06250000000000             1
   -0.12500000000000    0.04166666666666    0.06250000000000             1
   -0.04166666666666    0.04166666666666    0.06250000000000             1
    0.04166666666666    0.12500000000000    0.06250000000000             1
    0.12500000000000    0.12500000000000    0.06250000000000             1
    0.20833333333334    0.12500000000000    0.06250000000000             1
    0.29166666666666    0.12500000000000    0.06250000000000             1
    0.37500000000000    0.12500000000000    0.06250000000000             1
    0.45833333333334    0.12500000000000    0.06250000000000             1
   -0.45833333333334    0.12500000000000    0.06250000000000             1
   -0.37500000000000    0.12500000000000    0.06250000000000             1
   -0.29166666666666    0.12500000000000    0.06250000000000             1
   -0.20833333333334    0.12500000000000    0.06250000000000             1
   -0.12500000000000    0.12500000000000    0.06250000000000             1
   -0.04166666666666    0.12500000000000    0.06250000000000             1
    0.04166666666666    0.20833333333334    0.06250000000000             1
    0.12500000000000    0.20833333333334    0.06250000000000             1
    0.20833333333334    0.20833333333334    0.06250000000000             1
    0.29166666666666    0.20833333333334    0.06250000000000             1
    0.37500000000000    0.20833333333334    0.06250000000000             1
    0.45833333333334    0.20833333333334    0.06250000000000             1
   -0.45833333333334    0.20833333333334    0.06250000000000             1
   -0.37500000000000    0.20833333333334    0.06250000000000             1
   -0.29166666666666    0.20833333333334    0.06250000000000             1
   -0.20833333333334    0.20833333333334    0.06250000000000             1
   -0.12500000000000    0.20833333333334    0.06250000000000             1
   -0.04166666666666    0.20833333333334    0.06250000000000             1
    0.04166666666666    0.29166666666666    0.06250000000000             1
    0.12500000000000    0.29166666666666    0.06250000000000             1
    0.20833333333334    0.29166666666666    0.06250000000000             1
    0.29166666666666    0.29166666666666    0.06250000000000             1
    0.37500000000000    0.29166666666666    0.06250000000000             1
    0.45833333333334    0.29166666666666    0.06250000000000             1
   -0.45833333333334    0.29166666666666    0.06250000000000             1
   -0.37500000000000    0.29166666666666    0.06250000000000             1
   -0.29166666666666    0.29166666666666    0.06250000000000             1
   -0.20833333333334    0.29166666666666    0.06250000000000             1
   -0.12500000000000    0.29166666666666    0.06250000000000             1
   -0.04166666666666    0.29166666666666    0.06250000000000             1
    0.04166666666666    0.37500000000000    0.06250000000000             1
    0.12500000000000    0.37500000000000    0.06250000000000             1
    0.20833333333334    0.37500000000000    0.06250000000000             1
    0.29166666666666    0.37500000000000    0.06250000000000             1
    0.37500000000000    0.37500000000000    0.06250000000000             1
    0.45833333333334    0.37500000000000    0.06250000000000             1
   -0.45833333333334    0.37500000000000    0.06250000000000             1
   -0.37500000000000    0.37500000000000    0.06250000000000             1
   -0.29166666666666    0.37500000000000    0.06250000000000             1
   -0.20833333333334    0.37500000000000    0.06250000000000             1
   -0.12500000000000    0.37500000000000    0.06250000000000             1
   -0.04166666666666    0.37500000000000    0.06250000000000             1
    0.04166666666666    0.45833333333334    0.06250000000000             1
    0.12500000000000    0.45833333333334    0.06250000000000             1
    0.20833333333334    0.45833333333334    0.06250000000000             1
    0.29166666666666    0.45833333333334    0.06250000000000             1
    0.37500000000000    0.45833333333334    0.06250000000000             1
    0.45833333333334    0.45833333333334    0.06250000000000             1
   -0.45833333333334    0.45833333333334    0.06250000000000             1
   -0.37500000000000    0.45833333333334    0.06250000000000             1
   -0.29166666666666    0.45833333333334    0.06250000000000             1
   -0.20833333333334    0.45833333333334    0.06250000000000             1
   -0.12500000000000    0.45833333333334    0.06250000000000             1
   -0.04166666666666    0.45833333333334    0.06250000000000             1
    0.04166666666666   -0.45833333333334    0.06250000000000             1
    0.12500000000000   -0.45833333333334    0.06250000000000             1
    0.20833333333334   -0.45833333333334    0.06250000000000             1
    0.29166666666666   -0.45833333333334    0.06250000000000             1
    0.37500000000000   -0.45833333333334    0.06250000000000             1
    0.45833333333334   -0.45833333333334    0.06250000000000             1
   -0.45833333333334   -0.45833333333334    0.06250000000000             1
   -0.37500000000000   -0.45833333333334    0.06250000000000             1
   -0.29166666666666   -0.45833333333334    0.06250000000000             1
   -0.20833333333334   -0.45833333333334    0.06250000000000             1
   -0.12500000000000   -0.45833333333334    0.06250000000000             1
   -0.04166666666666   -0.45833333333334    0.06250000000000             1
    0.04166666666666   -0.37500000000000    0.06250000000000             1
    0.12500000000000   -0.37500000000000    0.06250000000000             1
    0.20833333333334   -0.37500000000000    0.06250000000000             1
    0.29166666666666   -0.37500000000000    0.06250000000000             1
    0.37500000000000   -0.37500000000000    0.06250000000000             1
    0.45833333333334   -0.37500000000000    0.06250000000000             1
   -0.45833333333334   -0.37500000000000    0.06250000000000             1
   -0.37500000000000   -0.37500000000000    0.06250000000000             1
   -0.29166666666666   -0.37500000000000    0.06250000000000             1
   -0.20833333333334   -0.37500000000000    0.06250000000000             1
   -0.12500000000000   -0.37500000000000    0.06250000000000             1
   -0.04166666666666   -0.37500000000000    0.06250000000000             1
    0.04166666666666   -0.29166666666666    0.06250000000000             1
    0.12500000000000   -0.29166666666666    0.06250000000000             1
    0.20833333333334   -0.29166666666666    0.06250000000000             1
    0.29166666666666   -0.29166666666666    0.06250000000000             1
    0.37500000000000   -0.29166666666666    0.06250000000000             1
    0.45833333333334   -0.29166666666666    0.06250000000000             1
   -0.45833333333334   -0.29166666666666    0.06250000000000             1
   -0.37500000000000   -0.29166666666666    0.06250000000000             1
   -0.29166666666666   -0.29166666666666    0.06250000000000             1
   -0.20833333333334   -0.29166666666666    0.06250000000000             1
   -0.12500000000000   -0.29166666666666    0.06250000000000             1
   -0.04166666666666   -0.29166666666666    0.06250000000000             1
    0.04166666666666   -0.20833333333334    0.06250000000000             1
    0.12500000000000   -0.20833333333334    0.06250000000000             1
    0.20833333333334   -0.20833333333334    0.06250000000000             1
    0.29166666666666   -0.20833333333334    0.06250000000000             1
    0.37500000000000   -0.20833333333334    0.06250000000000             1
    0.45833333333334   -0.20833333333334    0.06250000000000             1
   -0.45833333333334   -0.20833333333334    0.06250000000000             1
   -0.37500000000000   -0.20833333333334    0.06250000000000             1
   -0.29166666666666   -0.20833333333334    0.06250000000000             1
   -0.20833333333334   -0.20833333333334    0.06250000000000             1
   -0.12500000000000   -0.20833333333334    0.06250000000000             1
   -0.04166666666666   -0.20833333333334    0.06250000000000             1
    0.04166666666666   -0.12500000000000    0.06250000000000             1
    0.12500000000000   -0.12500000000000    0.06250000000000             1
    0.20833333333334   -0.12500000000000    0.06250000000000             1
    0.29166666666666   -0.12500000000000    0.06250000000000             1
    0.37500000000000   -0.12500000000000    0.06250000000000             1
    0.45833333333334   -0.12500000000000    0.06250000000000             1
   -0.45833333333334   -0.12500000000000    0.06250000000000             1
   -0.37500000000000   -0.12500000000000    0.06250000000000             1
   -0.29166666666666   -0.12500000000000    0.06250000000000             1
   -0.20833333333334   -0.12500000000000    0.06250000000000             1
   -0.12500000000000   -0.12500000000000    0.06250000000000             1
   -0.04166666666666   -0.12500000000000    0.06250000000000             1
    0.04166666666666   -0.04166666666666    0.06250000000000             1
    0.12500000000000   -0.04166666666666    0.06250000000000             1
    0.20833333333334   -0.04166666666666    0.06250000000000             1
    0.29166666666666   -0.04166666666666    0.06250000000000             1
    0.37500000000000   -0.04166666666666    0.06250000000000             1
    0.45833333333334   -0.04166666666666    0.06250000000000             1
   -0.45833333333334   -0.04166666666666    0.06250000000000             1
   -0.37500000000000   -0.04166666666666    0.06250000000000             1
   -0.29166666666666   -0.04166666666666    0.06250000000000             1
   -0.20833333333334   -0.04166666666666    0.06250000000000             1
   -0.12500000000000   -0.04166666666666    0.06250000000000             1
   -0.04166666666666   -0.04166666666666    0.06250000000000             1
    0.04166666666666    0.04166666666666    0.18750000000000             1
    0.12500000000000    0.04166666666666    0.18750000000000             1
    0.20833333333334    0.04166666666666    0.18750000000000             1
    0.29166666666666    0.04166666666666    0.18750000000000             1
    0.37500000000000    0.04166666666666    0.18750000000000             1
    0.45833333333334    0.04166666666666    0.18750000000000             1
   -0.45833333333334    0.04166666666666    0.18750000000000             1
   -0.37500000000000    0.04166666666666    0.18750000000000             1
   -0.29166666666666    0.04166666666666    0.18750000000000             1
   -0.20833333333334    0.04166666666666    0.18750000000000             1
   -0.12500000000000    0.04166666666666    0.18750000000000             1
   -0.04166666666666    0.04166666666666    0.18750000000000             1
    0.04166666666666    0.12500000000000    0.18750000000000             1
    0.12500000000000    0.12500000000000    0.18750000000000             1
    0.20833333333334    0.12500000000000    0.18750000000000             1
    0.29166666666666    0.12500000000000    0.18750000000000             1
    0.37500000000000    0.12500000000000    0.18750000000000             1
    0.45833333333334    0.12500000000000    0.18750000000000             1
   -0.45833333333334    0.12500000000000    0.18750000000000             1
   -0.37500000000000    0.12500000000000    0.18750000000000             1
   -0.29166666666666    0.12500000000000    0.18750000000000             1
   -0.20833333333334    0.12500000000000    0.18750000000000             1
   -0.12500000000000    0.12500000000000    0.18750000000000             1
   -0.04166666666666    0.12500000000000    0.18750000000000             1
    0.04166666666666    0.20833333333334    0.18750000000000             1
    0.12500000000000    0.20833333333334    0.18750000000000             1
    0.20833333333334    0.20833333333334    0.18750000000000             1
    0.29166666666666    0.20833333333334    0.18750000000000             1
    0.37500000000000    0.20833333333334    0.18750000000000             1
    0.45833333333334    0.20833333333334    0.18750000000000             1
   -0.45833333333334    0.20833333333334    0.18750000000000             1
   -0.37500000000000    0.20833333333334    0.18750000000000             1
   -0.29166666666666    0.20833333333334    0.18750000000000             1
   -0.20833333333334    0.20833333333334    0.18750000000000             1
   -0.12500000000000    0.20833333333334    0.18750000000000             1
   -0.04166666666666    0.20833333333334    0.18750000000000             1
    0.04166666666666    0.29166666666666    0.18750000000000             1
    0.12500000000000    0.29166666666666    0.18750000000000             1
    0.20833333333334    0.29166666666666    0.18750000000000             1
    0.29166666666666    0.29166666666666    0.18750000000000             1
    0.37500000000000    0.29166666666666    0.18750000000000             1
    0.45833333333334    0.29166666666666    0.18750000000000             1
   -0.45833333333334    0.29166666666666    0.18750000000000             1
   -0.37500000000000    0.29166666666666    0.18750000000000             1
   -0.29166666666666    0.29166666666666    0.18750000000000             1
   -0.20833333333334    0.29166666666666    0.18750000000000             1
   -0.12500000000000    0.29166666666666    0.18750000000000             1
   -0.04166666666666    0.29166666666666    0.18750000000000             1
    0.04166666666666    0.37500000000000    0.18750000000000             1
    0.12500000000000    0.37500000000000    0.18750000000000             1
    0.20833333333334    0.37500000000000    0.18750000000000             1
    0.29166666666666    0.37500000000000    0.18750000000000             1
    0.37500000000000    0.37500000000000    0.18750000000000             1
    0.45833333333334    0.37500000000000    0.18750000000000             1
   -0.45833333333334    0.37500000000000    0.18750000000000             1
   -0.37500000000000    0.37500000000000    0.18750000000000             1
   -0.29166666666666    0.37500000000000    0.18750000000000             1
   -0.20833333333334    0.37500000000000    0.18750000000000             1
   -0.12500000000000    0.37500000000000    0.18750000000000             1
   -0.04166666666666    0.37500000000000    0.18750000000000             1
    0.04166666666666    0.45833333333334    0.18750000000000             1
    0.12500000000000    0.45833333333334    0.18750000000000             1
    0.20833333333334    0.45833333333334    0.18750000000000             1
    0.29166666666666    0.45833333333334    0.18750000000000             1
    0.37500000000000    0.45833333333334    0.18750000000000             1
    0.45833333333334    0.45833333333334    0.18750000000000             1
   -0.45833333333334    0.45833333333334    0.18750000000000             1
   -0.37500000000000    0.45833333333334    0.18750000000000             1
   -0.29166666666666    0.45833333333334    0.18750000000000             1
   -0.20833333333334    0.45833333333334    0.18750000000000             1
   -0.12500000000000    0.45833333333334    0.18750000000000             1
   -0.04166666666666    0.45833333333334    0.18750000000000             1
    0.04166666666666   -0.45833333333334    0.18750000000000             1
    0.12500000000000   -0.45833333333334    0.18750000000000             1
    0.20833333333334   -0.45833333333334    0.18750000000000             1
    0.29166666666666   -0.45833333333334    0.18750000000000             1
    0.37500000000000   -0.45833333333334    0.18750000000000             1
    0.45833333333334   -0.45833333333334    0.18750000000000             1
   -0.45833333333334   -0.45833333333334    0.18750000000000             1
   -0.37500000000000   -0.45833333333334    0.18750000000000             1
   -0.29166666666666   -0.45833333333334    0.18750000000000             1
   -0.20833333333334   -0.45833333333334    0.18750000000000             1
   -0.12500000000000   -0.45833333333334    0.18750000000000             1
   -0.04166666666666   -0.45833333333334    0.18750000000000             1
    0.04166666666666   -0.37500000000000    0.18750000000000             1
    0.12500000000000   -0.37500000000000    0.18750000000000             1
    0.20833333333334   -0.37500000000000    0.18750000000000             1
    0.29166666666666   -0.37500000000000    0.18750000000000             1
    0.37500000000000   -0.37500000000000    0.18750000000000             1
    0.45833333333334   -0.37500000000000    0.18750000000000             1
   -0.45833333333334   -0.37500000000000    0.18750000000000             1
   -0.37500000000000   -0.37500000000000    0.18750000000000             1
   -0.29166666666666   -0.37500000000000    0.18750000000000             1
   -0.20833333333334   -0.37500000000000    0.18750000000000             1
   -0.12500000000000   -0.37500000000000    0.18750000000000             1
   -0.04166666666666   -0.37500000000000    0.18750000000000             1
    0.04166666666666   -0.29166666666666    0.18750000000000             1
    0.12500000000000   -0.29166666666666    0.18750000000000             1
    0.20833333333334   -0.29166666666666    0.18750000000000             1
    0.29166666666666   -0.29166666666666    0.18750000000000             1
    0.37500000000000   -0.29166666666666    0.18750000000000             1
    0.45833333333334   -0.29166666666666    0.18750000000000             1
   -0.45833333333334   -0.29166666666666    0.18750000000000             1
   -0.37500000000000   -0.29166666666666    0.18750000000000             1
   -0.29166666666666   -0.29166666666666    0.18750000000000             1
   -0.20833333333334   -0.29166666666666    0.18750000000000             1
   -0.12500000000000   -0.29166666666666    0.18750000000000             1
   -0.04166666666666   -0.29166666666666    0.18750000000000             1
    0.04166666666666   -0.20833333333334    0.18750000000000             1
    0.12500000000000   -0.20833333333334    0.18750000000000             1
    0.20833333333334   -0.20833333333334    0.18750000000000             1
    0.29166666666666   -0.20833333333334    0.18750000000000             1
    0.37500000000000   -0.20833333333334    0.18750000000000             1
    0.45833333333334   -0.20833333333334    0.18750000000000             1
   -0.45833333333334   -0.20833333333334    0.18750000000000             1
   -0.37500000000000   -0.20833333333334    0.18750000000000             1
   -0.29166666666666   -0.20833333333334    0.18750000000000             1
   -0.20833333333334   -0.20833333333334    0.18750000000000             1
   -0.12500000000000   -0.20833333333334    0.18750000000000             1
   -0.04166666666666   -0.20833333333334    0.18750000000000             1
    0.04166666666666   -0.12500000000000    0.18750000000000             1
    0.12500000000000   -0.12500000000000    0.18750000000000             1
    0.20833333333334   -0.12500000000000    0.18750000000000             1
    0.29166666666666   -0.12500000000000    0.18750000000000             1
    0.37500000000000   -0.12500000000000    0.18750000000000             1
    0.45833333333334   -0.12500000000000    0.18750000000000             1
   -0.45833333333334   -0.12500000000000    0.18750000000000             1
   -0.37500000000000   -0.12500000000000    0.18750000000000             1
   -0.29166666666666   -0.12500000000000    0.18750000000000             1
   -0.20833333333334   -0.12500000000000    0.18750000000000             1
   -0.12500000000000   -0.12500000000000    0.18750000000000             1
   -0.04166666666666   -0.12500000000000    0.18750000000000             1
    0.04166666666666   -0.04166666666666    0.18750000000000             1
    0.12500000000000   -0.04166666666666    0.18750000000000             1
    0.20833333333334   -0.04166666666666    0.18750000000000             1
    0.29166666666666   -0.04166666666666    0.18750000000000             1
    0.37500000000000   -0.04166666666666    0.18750000000000             1
    0.45833333333334   -0.04166666666666    0.18750000000000             1
   -0.45833333333334   -0.04166666666666    0.18750000000000             1
   -0.37500000000000   -0.04166666666666    0.18750000000000             1
   -0.29166666666666   -0.04166666666666    0.18750000000000             1
   -0.20833333333334   -0.04166666666666    0.18750000000000             1
   -0.12500000000000   -0.04166666666666    0.18750000000000             1
   -0.04166666666666   -0.04166666666666    0.18750000000000             1
    0.04166666666666    0.04166666666666    0.31250000000000             1
    0.12500000000000    0.04166666666666    0.31250000000000             1
    0.20833333333334    0.04166666666666    0.31250000000000             1
    0.29166666666666    0.04166666666666    0.31250000000000             1
    0.37500000000000    0.04166666666666    0.31250000000000             1
    0.45833333333334    0.04166666666666    0.31250000000000             1
   -0.45833333333334    0.04166666666666    0.31250000000000             1
   -0.37500000000000    0.04166666666666    0.31250000000000             1
   -0.29166666666666    0.04166666666666    0.31250000000000             1
   -0.20833333333334    0.04166666666666    0.31250000000000             1
   -0.12500000000000    0.04166666666666    0.31250000000000             1
   -0.04166666666666    0.04166666666666    0.31250000000000             1
    0.04166666666666    0.12500000000000    0.31250000000000             1
    0.12500000000000    0.12500000000000    0.31250000000000             1
    0.20833333333334    0.12500000000000    0.31250000000000             1
    0.29166666666666    0.12500000000000    0.31250000000000             1
    0.37500000000000    0.12500000000000    0.31250000000000             1
    0.45833333333334    0.12500000000000    0.31250000000000             1
   -0.45833333333334    0.12500000000000    0.31250000000000             1
   -0.37500000000000    0.12500000000000    0.31250000000000             1
   -0.29166666666666    0.12500000000000    0.31250000000000             1
   -0.20833333333334    0.12500000000000    0.31250000000000             1
   -0.12500000000000    0.12500000000000    0.31250000000000             1
   -0.04166666666666    0.12500000000000    0.31250000000000             1
    0.04166666666666    0.20833333333334    0.31250000000000             1
    0.12500000000000    0.20833333333334    0.31250000000000             1
    0.20833333333334    0.20833333333334    0.31250000000000             1
    0.29166666666666    0.20833333333334    0.31250000000000             1
    0.37500000000000    0.20833333333334    0.31250000000000             1
    0.45833333333334    0.20833333333334    0.31250000000000             1
   -0.45833333333334    0.20833333333334    0.31250000000000             1
   -0.37500000000000    0.20833333333334    0.31250000000000             1
   -0.29166666666666    0.20833333333334    0.31250000000000             1
   -0.20833333333334    0.20833333333334    0.31250000000000             1
   -0.12500000000000    0.20833333333334    0.31250000000000             1
   -0.04166666666666    0.20833333333334    0.31250000000000             1
    0.04166666666666    0.29166666666666    0.31250000000000             1
    0.12500000000000    0.29166666666666    0.31250000000000             1
    0.20833333333334    0.29166666666666    0.31250000000000             1
    0.29166666666666    0.29166666666666    0.31250000000000             1
    0.37500000000000    0.29166666666666    0.31250000000000             1
    0.45833333333334    0.29166666666666    0.31250000000000             1
   -0.45833333333334    0.29166666666666    0.31250000000000             1
   -0.37500000000000    0.29166666666666    0.31250000000000             1
   -0.29166666666666    0.29166666666666    0.31250000000000             1
   -0.20833333333334    0.29166666666666    0.31250000000000             1
   -0.12500000000000    0.29166666666666    0.31250000000000             1
   -0.04166666666666    0.29166666666666    0.31250000000000             1
    0.04166666666666    0.37500000000000    0.31250000000000             1
    0.12500000000000    0.37500000000000    0.31250000000000             1
    0.20833333333334    0.37500000000000    0.31250000000000             1
    0.29166666666666    0.37500000000000    0.31250000000000             1
    0.37500000000000    0.37500000000000    0.31250000000000             1
    0.45833333333334    0.37500000000000    0.31250000000000             1
   -0.45833333333334    0.37500000000000    0.31250000000000             1
   -0.37500000000000    0.37500000000000    0.31250000000000             1
   -0.29166666666666    0.37500000000000    0.31250000000000             1
   -0.20833333333334    0.37500000000000    0.31250000000000             1
   -0.12500000000000    0.37500000000000    0.31250000000000             1
   -0.04166666666666    0.37500000000000    0.31250000000000             1
    0.04166666666666    0.45833333333334    0.31250000000000             1
    0.12500000000000    0.45833333333334    0.31250000000000             1
    0.20833333333334    0.45833333333334    0.31250000000000             1
    0.29166666666666    0.45833333333334    0.31250000000000             1
    0.37500000000000    0.45833333333334    0.31250000000000             1
    0.45833333333334    0.45833333333334    0.31250000000000             1
   -0.45833333333334    0.45833333333334    0.31250000000000             1
   -0.37500000000000    0.45833333333334    0.31250000000000             1
   -0.29166666666666    0.45833333333334    0.31250000000000             1
   -0.20833333333334    0.45833333333334    0.31250000000000             1
   -0.12500000000000    0.45833333333334    0.31250000000000             1
   -0.04166666666666    0.45833333333334    0.31250000000000             1
    0.04166666666666   -0.45833333333334    0.31250000000000             1
    0.12500000000000   -0.45833333333334    0.31250000000000             1
    0.20833333333334   -0.45833333333334    0.31250000000000             1
    0.29166666666666   -0.45833333333334    0.31250000000000             1
    0.37500000000000   -0.45833333333334    0.31250000000000             1
    0.45833333333334   -0.45833333333334    0.31250000000000             1
   -0.45833333333334   -0.45833333333334    0.31250000000000             1
   -0.37500000000000   -0.45833333333334    0.31250000000000             1
   -0.29166666666666   -0.45833333333334    0.31250000000000             1
   -0.20833333333334   -0.45833333333334    0.31250000000000             1
   -0.12500000000000   -0.45833333333334    0.31250000000000             1
   -0.04166666666666   -0.45833333333334    0.31250000000000             1
    0.04166666666666   -0.37500000000000    0.31250000000000             1
    0.12500000000000   -0.37500000000000    0.31250000000000             1
    0.20833333333334   -0.37500000000000    0.31250000000000             1
    0.29166666666666   -0.37500000000000    0.31250000000000             1
    0.37500000000000   -0.37500000000000    0.31250000000000             1
    0.45833333333334   -0.37500000000000    0.31250000000000             1
   -0.45833333333334   -0.37500000000000    0.31250000000000             1
   -0.37500000000000   -0.37500000000000    0.31250000000000             1
   -0.29166666666666   -0.37500000000000    0.31250000000000             1
   -0.20833333333334   -0.37500000000000    0.31250000000000             1
   -0.12500000000000   -0.37500000000000    0.31250000000000             1
   -0.04166666666666   -0.37500000000000    0.31250000000000             1
    0.04166666666666   -0.29166666666666    0.31250000000000             1
    0.12500000000000   -0.29166666666666    0.31250000000000             1
    0.20833333333334   -0.29166666666666    0.31250000000000             1
    0.29166666666666   -0.29166666666666    0.31250000000000             1
    0.37500000000000   -0.29166666666666    0.31250000000000             1
    0.45833333333334   -0.29166666666666    0.31250000000000             1
   -0.45833333333334   -0.29166666666666    0.31250000000000             1
   -0.37500000000000   -0.29166666666666    0.31250000000000             1
   -0.29166666666666   -0.29166666666666    0.31250000000000             1
   -0.20833333333334   -0.29166666666666    0.31250000000000             1
   -0.12500000000000   -0.29166666666666    0.31250000000000             1
   -0.04166666666666   -0.29166666666666    0.31250000000000             1
    0.04166666666666   -0.20833333333334    0.31250000000000             1
    0.12500000000000   -0.20833333333334    0.31250000000000             1
    0.20833333333334   -0.20833333333334    0.31250000000000             1
    0.29166666666666   -0.20833333333334    0.31250000000000             1
    0.37500000000000   -0.20833333333334    0.31250000000000             1
    0.45833333333334   -0.20833333333334    0.31250000000000             1
   -0.45833333333334   -0.20833333333334    0.31250000000000             1
   -0.37500000000000   -0.20833333333334    0.31250000000000             1
   -0.29166666666666   -0.20833333333334    0.31250000000000             1
   -0.20833333333334   -0.20833333333334    0.31250000000000             1
   -0.12500000000000   -0.20833333333334    0.31250000000000             1
   -0.04166666666666   -0.20833333333334    0.31250000000000             1
    0.04166666666666   -0.12500000000000    0.31250000000000             1
    0.12500000000000   -0.12500000000000    0.31250000000000             1
    0.20833333333334   -0.12500000000000    0.31250000000000             1
    0.29166666666666   -0.12500000000000    0.31250000000000             1
    0.37500000000000   -0.12500000000000    0.31250000000000             1
    0.45833333333334   -0.12500000000000    0.31250000000000             1
   -0.45833333333334   -0.12500000000000    0.31250000000000             1
   -0.37500000000000   -0.12500000000000    0.31250000000000             1
   -0.29166666666666   -0.12500000000000    0.31250000000000             1
   -0.20833333333334   -0.12500000000000    0.31250000000000             1
   -0.12500000000000   -0.12500000000000    0.31250000000000             1
   -0.04166666666666   -0.12500000000000    0.31250000000000             1
    0.04166666666666   -0.04166666666666    0.31250000000000             1
    0.12500000000000   -0.04166666666666    0.31250000000000             1
    0.20833333333334   -0.04166666666666    0.31250000000000             1
    0.29166666666666   -0.04166666666666    0.31250000000000             1
    0.37500000000000   -0.04166666666666    0.31250000000000             1
    0.45833333333334   -0.04166666666666    0.31250000000000             1
   -0.45833333333334   -0.04166666666666    0.31250000000000             1
   -0.37500000000000   -0.04166666666666    0.31250000000000             1
   -0.29166666666666   -0.04166666666666    0.31250000000000             1
   -0.20833333333334   -0.04166666666666    0.31250000000000             1
   -0.12500000000000   -0.04166666666666    0.31250000000000             1
   -0.04166666666666   -0.04166666666666    0.31250000000000             1
    0.04166666666666    0.04166666666666    0.43750000000000             1
    0.12500000000000    0.04166666666666    0.43750000000000             1
    0.20833333333334    0.04166666666666    0.43750000000000             1
    0.29166666666666    0.04166666666666    0.43750000000000             1
    0.37500000000000    0.04166666666666    0.43750000000000             1
    0.45833333333334    0.04166666666666    0.43750000000000             1
   -0.45833333333334    0.04166666666666    0.43750000000000             1
   -0.37500000000000    0.04166666666666    0.43750000000000             1
   -0.29166666666666    0.04166666666666    0.43750000000000             1
   -0.20833333333334    0.04166666666666    0.43750000000000             1
   -0.12500000000000    0.04166666666666    0.43750000000000             1
   -0.04166666666666    0.04166666666666    0.43750000000000             1
    0.04166666666666    0.12500000000000    0.43750000000000             1
    0.12500000000000    0.12500000000000    0.43750000000000             1
    0.20833333333334    0.12500000000000    0.43750000000000             1
    0.29166666666666    0.12500000000000    0.43750000000000             1
    0.37500000000000    0.12500000000000    0.43750000000000             1
    0.45833333333334    0.12500000000000    0.43750000000000             1
   -0.45833333333334    0.12500000000000    0.43750000000000             1
   -0.37500000000000    0.12500000000000    0.43750000000000             1
   -0.29166666666666    0.12500000000000    0.43750000000000             1
   -0.20833333333334    0.12500000000000    0.43750000000000             1
   -0.12500000000000    0.12500000000000    0.43750000000000             1
   -0.04166666666666    0.12500000000000    0.43750000000000             1
    0.04166666666666    0.20833333333334    0.43750000000000             1
    0.12500000000000    0.20833333333334    0.43750000000000             1
    0.20833333333334    0.20833333333334    0.43750000000000             1
    0.29166666666666    0.20833333333334    0.43750000000000             1
    0.37500000000000    0.20833333333334    0.43750000000000             1
    0.45833333333334    0.20833333333334    0.43750000000000             1
   -0.45833333333334    0.20833333333334    0.43750000000000             1
   -0.37500000000000    0.20833333333334    0.43750000000000             1
   -0.29166666666666    0.20833333333334    0.43750000000000             1
   -0.20833333333334    0.20833333333334    0.43750000000000             1
   -0.12500000000000    0.20833333333334    0.43750000000000             1
   -0.04166666666666    0.20833333333334    0.43750000000000             1
    0.04166666666666    0.29166666666666    0.43750000000000             1
    0.12500000000000    0.29166666666666    0.43750000000000             1
    0.20833333333334    0.29166666666666    0.43750000000000             1
    0.29166666666666    0.29166666666666    0.43750000000000             1
    0.37500000000000    0.29166666666666    0.43750000000000             1
    0.45833333333334    0.29166666666666    0.43750000000000             1
   -0.45833333333334    0.29166666666666    0.43750000000000             1
   -0.37500000000000    0.29166666666666    0.43750000000000             1
   -0.29166666666666    0.29166666666666    0.43750000000000             1
   -0.20833333333334    0.29166666666666    0.43750000000000             1
   -0.12500000000000    0.29166666666666    0.43750000000000             1
   -0.04166666666666    0.29166666666666    0.43750000000000             1
    0.04166666666666    0.37500000000000    0.43750000000000             1
    0.12500000000000    0.37500000000000    0.43750000000000             1
    0.20833333333334    0.37500000000000    0.43750000000000             1
    0.29166666666666    0.37500000000000    0.43750000000000             1
    0.37500000000000    0.37500000000000    0.43750000000000             1
    0.45833333333334    0.37500000000000    0.43750000000000             1
   -0.45833333333334    0.37500000000000    0.43750000000000             1
   -0.37500000000000    0.37500000000000    0.43750000000000             1
   -0.29166666666666    0.37500000000000    0.43750000000000             1
   -0.20833333333334    0.37500000000000    0.43750000000000             1
   -0.12500000000000    0.37500000000000    0.43750000000000             1
   -0.04166666666666    0.37500000000000    0.43750000000000             1
    0.04166666666666    0.45833333333334    0.43750000000000             1
    0.12500000000000    0.45833333333334    0.43750000000000             1
    0.20833333333334    0.45833333333334    0.43750000000000             1
    0.29166666666666    0.45833333333334    0.43750000000000             1
    0.37500000000000    0.45833333333334    0.43750000000000             1
    0.45833333333334    0.45833333333334    0.43750000000000             1
   -0.45833333333334    0.45833333333334    0.43750000000000             1
   -0.37500000000000    0.45833333333334    0.43750000000000             1
   -0.29166666666666    0.45833333333334    0.43750000000000             1
   -0.20833333333334    0.45833333333334    0.43750000000000             1
   -0.12500000000000    0.45833333333334    0.43750000000000             1
   -0.04166666666666    0.45833333333334    0.43750000000000             1
    0.04166666666666   -0.45833333333334    0.43750000000000             1
    0.12500000000000   -0.45833333333334    0.43750000000000             1
    0.20833333333334   -0.45833333333334    0.43750000000000             1
    0.29166666666666   -0.45833333333334    0.43750000000000             1
    0.37500000000000   -0.45833333333334    0.43750000000000             1
    0.45833333333334   -0.45833333333334    0.43750000000000             1
   -0.45833333333334   -0.45833333333334    0.43750000000000             1
   -0.37500000000000   -0.45833333333334    0.43750000000000             1
   -0.29166666666666   -0.45833333333334    0.43750000000000             1
   -0.20833333333334   -0.45833333333334    0.43750000000000             1
   -0.12500000000000   -0.45833333333334    0.43750000000000             1
   -0.04166666666666   -0.45833333333334    0.43750000000000             1
    0.04166666666666   -0.37500000000000    0.43750000000000             1
    0.12500000000000   -0.37500000000000    0.43750000000000             1
    0.20833333333334   -0.37500000000000    0.43750000000000             1
    0.29166666666666   -0.37500000000000    0.43750000000000             1
    0.37500000000000   -0.37500000000000    0.43750000000000             1
    0.45833333333334   -0.37500000000000    0.43750000000000             1
   -0.45833333333334   -0.37500000000000    0.43750000000000             1
   -0.37500000000000   -0.37500000000000    0.43750000000000             1
   -0.29166666666666   -0.37500000000000    0.43750000000000             1
   -0.20833333333334   -0.37500000000000    0.43750000000000             1
   -0.12500000000000   -0.37500000000000    0.43750000000000             1
   -0.04166666666666   -0.37500000000000    0.43750000000000             1
    0.04166666666666   -0.29166666666666    0.43750000000000             1
    0.12500000000000   -0.29166666666666    0.43750000000000             1
    0.20833333333334   -0.29166666666666    0.43750000000000             1
    0.29166666666666   -0.29166666666666    0.43750000000000             1
    0.37500000000000   -0.29166666666666    0.43750000000000             1
    0.45833333333334   -0.29166666666666    0.43750000000000             1
   -0.45833333333334   -0.29166666666666    0.43750000000000             1
   -0.37500000000000   -0.29166666666666    0.43750000000000             1
   -0.29166666666666   -0.29166666666666    0.43750000000000             1
   -0.20833333333334   -0.29166666666666    0.43750000000000             1
   -0.12500000000000   -0.29166666666666    0.43750000000000             1
   -0.04166666666666   -0.29166666666666    0.43750000000000             1
    0.04166666666666   -0.20833333333334    0.43750000000000             1
    0.12500000000000   -0.20833333333334    0.43750000000000             1
    0.20833333333334   -0.20833333333334    0.43750000000000             1
    0.29166666666666   -0.20833333333334    0.43750000000000             1
    0.37500000000000   -0.20833333333334    0.43750000000000             1
    0.45833333333334   -0.20833333333334    0.43750000000000             1
   -0.45833333333334   -0.20833333333334    0.43750000000000             1
   -0.37500000000000   -0.20833333333334    0.43750000000000             1
   -0.29166666666666   -0.20833333333334    0.43750000000000             1
   -0.20833333333334   -0.20833333333334    0.43750000000000             1
   -0.12500000000000   -0.20833333333334    0.43750000000000             1
   -0.04166666666666   -0.20833333333334    0.43750000000000             1
    0.04166666666666   -0.12500000000000    0.43750000000000             1
    0.12500000000000   -0.12500000000000    0.43750000000000             1
    0.20833333333334   -0.12500000000000    0.43750000000000             1
    0.29166666666666   -0.12500000000000    0.43750000000000             1
    0.37500000000000   -0.12500000000000    0.43750000000000             1
    0.45833333333334   -0.12500000000000    0.43750000000000             1
   -0.45833333333334   -0.12500000000000    0.43750000000000             1
   -0.37500000000000   -0.12500000000000    0.43750000000000             1
   -0.29166666666666   -0.12500000000000    0.43750000000000             1
   -0.20833333333334   -0.12500000000000    0.43750000000000             1
   -0.12500000000000   -0.12500000000000    0.43750000000000             1
   -0.04166666666666   -0.12500000000000    0.43750000000000             1
    0.04166666666666   -0.04166666666666    0.43750000000000             1
    0.12500000000000   -0.04166666666666    0.43750000000000             1
    0.20833333333334   -0.04166666666666    0.43750000000000             1
    0.29166666666666   -0.04166666666666    0.43750000000000             1
    0.37500000000000   -0.04166666666666    0.43750000000000             1
    0.45833333333334   -0.04166666666666    0.43750000000000             1
   -0.45833333333334   -0.04166666666666    0.43750000000000             1
   -0.37500000000000   -0.04166666666666    0.43750000000000             1
   -0.29166666666666   -0.04166666666666    0.43750000000000             1
   -0.20833333333334   -0.04166666666666    0.43750000000000             1
   -0.12500000000000   -0.04166666666666    0.43750000000000             1
   -0.04166666666666   -0.04166666666666    0.43750000000000             1
    0.04166666666666    0.04166666666666   -0.43750000000000             1
    0.12500000000000    0.04166666666666   -0.43750000000000             1
    0.20833333333334    0.04166666666666   -0.43750000000000             1
    0.29166666666666    0.04166666666666   -0.43750000000000             1
    0.37500000000000    0.04166666666666   -0.43750000000000             1
    0.45833333333334    0.04166666666666   -0.43750000000000             1
   -0.45833333333334    0.04166666666666   -0.43750000000000             1
   -0.37500000000000    0.04166666666666   -0.43750000000000             1
   -0.29166666666666    0.04166666666666   -0.43750000000000             1
   -0.20833333333334    0.04166666666666   -0.43750000000000             1
   -0.12500000000000    0.04166666666666   -0.43750000000000             1
   -0.04166666666666    0.04166666666666   -0.43750000000000             1
    0.04166666666666    0.12500000000000   -0.43750000000000             1
    0.12500000000000    0.12500000000000   -0.43750000000000             1
    0.20833333333334    0.12500000000000   -0.43750000000000             1
    0.29166666666666    0.12500000000000   -0.43750000000000             1
    0.37500000000000    0.12500000000000   -0.43750000000000             1
    0.45833333333334    0.12500000000000   -0.43750000000000             1
   -0.45833333333334    0.12500000000000   -0.43750000000000             1
   -0.37500000000000    0.12500000000000   -0.43750000000000             1
   -0.29166666666666    0.12500000000000   -0.43750000000000             1
   -0.20833333333334    0.12500000000000   -0.43750000000000             1
   -0.12500000000000    0.12500000000000   -0.43750000000000             1
   -0.04166666666666    0.12500000000000   -0.43750000000000             1
    0.04166666666666    0.20833333333334   -0.43750000000000             1
    0.12500000000000    0.20833333333334   -0.43750000000000             1
    0.20833333333334    0.20833333333334   -0.43750000000000             1
    0.29166666666666    0.20833333333334   -0.43750000000000             1
    0.37500000000000    0.20833333333334   -0.43750000000000             1
    0.45833333333334    0.20833333333334   -0.43750000000000             1
   -0.45833333333334    0.20833333333334   -0.43750000000000             1
   -0.37500000000000    0.20833333333334   -0.43750000000000             1
   -0.29166666666666    0.20833333333334   -0.43750000000000             1
   -0.20833333333334    0.20833333333334   -0.43750000000000             1
   -0.12500000000000    0.20833333333334   -0.43750000000000             1
   -0.04166666666666    0.20833333333334   -0.43750000000000             1
    0.04166666666666    0.29166666666666   -0.43750000000000             1
    0.12500000000000    0.29166666666666   -0.43750000000000             1
    0.20833333333334    0.29166666666666   -0.43750000000000             1
    0.29166666666666    0.29166666666666   -0.43750000000000             1
    0.37500000000000    0.29166666666666   -0.43750000000000             1
    0.45833333333334    0.29166666666666   -0.43750000000000             1
   -0.45833333333334    0.29166666666666   -0.43750000000000             1
   -0.37500000000000    0.29166666666666   -0.43750000000000             1
   -0.29166666666666    0.29166666666666   -0.43750000000000             1
   -0.20833333333334    0.29166666666666   -0.43750000000000             1
   -0.12500000000000    0.29166666666666   -0.43750000000000             1
   -0.04166666666666    0.29166666666666   -0.43750000000000             1
    0.04166666666666    0.37500000000000   -0.43750000000000             1
    0.12500000000000    0.37500000000000   -0.43750000000000             1
    0.20833333333334    0.37500000000000   -0.43750000000000             1
    0.29166666666666    0.37500000000000   -0.43750000000000             1
    0.37500000000000    0.37500000000000   -0.43750000000000             1
    0.45833333333334    0.37500000000000   -0.43750000000000             1
   -0.45833333333334    0.37500000000000   -0.43750000000000             1
   -0.37500000000000    0.37500000000000   -0.43750000000000             1
   -0.29166666666666    0.37500000000000   -0.43750000000000             1
   -0.20833333333334    0.37500000000000   -0.43750000000000             1
   -0.12500000000000    0.37500000000000   -0.43750000000000             1
   -0.04166666666666    0.37500000000000   -0.43750000000000             1
    0.04166666666666    0.45833333333334   -0.43750000000000             1
    0.12500000000000    0.45833333333334   -0.43750000000000             1
    0.20833333333334    0.45833333333334   -0.43750000000000             1
    0.29166666666666    0.45833333333334   -0.43750000000000             1
    0.37500000000000    0.45833333333334   -0.43750000000000             1
    0.45833333333334    0.45833333333334   -0.43750000000000             1
   -0.45833333333334    0.45833333333334   -0.43750000000000             1
   -0.37500000000000    0.45833333333334   -0.43750000000000             1
   -0.29166666666666    0.45833333333334   -0.43750000000000             1
   -0.20833333333334    0.45833333333334   -0.43750000000000             1
   -0.12500000000000    0.45833333333334   -0.43750000000000             1
   -0.04166666666666    0.45833333333334   -0.43750000000000             1
    0.04166666666666   -0.45833333333334   -0.43750000000000             1
    0.12500000000000   -0.45833333333334   -0.43750000000000             1
    0.20833333333334   -0.45833333333334   -0.43750000000000             1
    0.29166666666666   -0.45833333333334   -0.43750000000000             1
    0.37500000000000   -0.45833333333334   -0.43750000000000             1
    0.45833333333334   -0.45833333333334   -0.43750000000000             1
   -0.45833333333334   -0.45833333333334   -0.43750000000000             1
   -0.37500000000000   -0.45833333333334   -0.43750000000000             1
   -0.29166666666666   -0.45833333333334   -0.43750000000000             1
   -0.20833333333334   -0.45833333333334   -0.43750000000000             1
   -0.12500000000000   -0.45833333333334   -0.43750000000000             1
   -0.04166666666666   -0.45833333333334   -0.43750000000000             1
    0.04166666666666   -0.37500000000000   -0.43750000000000             1
    0.12500000000000   -0.37500000000000   -0.43750000000000             1
    0.20833333333334   -0.37500000000000   -0.43750000000000             1
    0.29166666666666   -0.37500000000000   -0.43750000000000             1
    0.37500000000000   -0.37500000000000   -0.43750000000000             1
    0.45833333333334   -0.37500000000000   -0.43750000000000             1
   -0.45833333333334   -0.37500000000000   -0.43750000000000             1
   -0.37500000000000   -0.37500000000000   -0.43750000000000             1
   -0.29166666666666   -0.37500000000000   -0.43750000000000             1
   -0.20833333333334   -0.37500000000000   -0.43750000000000             1
   -0.12500000000000   -0.37500000000000   -0.43750000000000             1
   -0.04166666666666   -0.37500000000000   -0.43750000000000             1
    0.04166666666666   -0.29166666666666   -0.43750000000000             1
    0.12500000000000   -0.29166666666666   -0.43750000000000             1
    0.20833333333334   -0.29166666666666   -0.43750000000000             1
    0.29166666666666   -0.29166666666666   -0.43750000000000             1
    0.37500000000000   -0.29166666666666   -0.43750000000000             1
    0.45833333333334   -0.29166666666666   -0.43750000000000             1
   -0.45833333333334   -0.29166666666666   -0.43750000000000             1
   -0.37500000000000   -0.29166666666666   -0.43750000000000             1
   -0.29166666666666   -0.29166666666666   -0.43750000000000             1
   -0.20833333333334   -0.29166666666666   -0.43750000000000             1
   -0.12500000000000   -0.29166666666666   -0.43750000000000             1
   -0.04166666666666   -0.29166666666666   -0.43750000000000             1
    0.04166666666666   -0.20833333333334   -0.43750000000000             1
    0.12500000000000   -0.20833333333334   -0.43750000000000             1
    0.20833333333334   -0.20833333333334   -0.43750000000000             1
    0.29166666666666   -0.20833333333334   -0.43750000000000             1
    0.37500000000000   -0.20833333333334   -0.43750000000000             1
    0.45833333333334   -0.20833333333334   -0.43750000000000             1
   -0.45833333333334   -0.20833333333334   -0.43750000000000             1
   -0.37500000000000   -0.20833333333334   -0.43750000000000             1
   -0.29166666666666   -0.20833333333334   -0.43750000000000             1
   -0.20833333333334   -0.20833333333334   -0.43750000000000             1
   -0.12500000000000   -0.20833333333334   -0.43750000000000             1
   -0.04166666666666   -0.20833333333334   -0.43750000000000             1
    0.04166666666666   -0.12500000000000   -0.43750000000000             1
    0.12500000000000   -0.12500000000000   -0.43750000000000             1
    0.20833333333334   -0.12500000000000   -0.43750000000000             1
    0.29166666666666   -0.12500000000000   -0.43750000000000             1
    0.37500000000000   -0.12500000000000   -0.43750000000000             1
    0.45833333333334   -0.12500000000000   -0.43750000000000             1
   -0.45833333333334   -0.12500000000000   -0.43750000000000             1
   -0.37500000000000   -0.12500000000000   -0.43750000000000             1
   -0.29166666666666   -0.12500000000000   -0.43750000000000             1
   -0.20833333333334   -0.12500000000000   -0.43750000000000             1
   -0.12500000000000   -0.12500000000000   -0.43750000000000             1
   -0.04166666666666   -0.12500000000000   -0.43750000000000             1
    0.04166666666666   -0.04166666666666   -0.43750000000000             1
    0.12500000000000   -0.04166666666666   -0.43750000000000             1
    0.20833333333334   -0.04166666666666   -0.43750000000000             1
    0.29166666666666   -0.04166666666666   -0.43750000000000             1
    0.37500000000000   -0.04166666666666   -0.43750000000000             1
    0.45833333333334   -0.04166666666666   -0.43750000000000             1
   -0.45833333333334   -0.04166666666666   -0.43750000000000             1
   -0.37500000000000   -0.04166666666666   -0.43750000000000             1
   -0.29166666666666   -0.04166666666666   -0.43750000000000             1
   -0.20833333333334   -0.04166666666666   -0.43750000000000             1
   -0.12500000000000   -0.04166666666666   -0.43750000000000             1
   -0.04166666666666   -0.04166666666666   -0.43750000000000             1
    0.04166666666666    0.04166666666666   -0.31250000000000             1
    0.12500000000000    0.04166666666666   -0.31250000000000             1
    0.20833333333334    0.04166666666666   -0.31250000000000             1
    0.29166666666666    0.04166666666666   -0.31250000000000             1
    0.37500000000000    0.04166666666666   -0.31250000000000             1
    0.45833333333334    0.04166666666666   -0.31250000000000             1
   -0.45833333333334    0.04166666666666   -0.31250000000000             1
   -0.37500000000000    0.04166666666666   -0.31250000000000             1
   -0.29166666666666    0.04166666666666   -0.31250000000000             1
   -0.20833333333334    0.04166666666666   -0.31250000000000             1
   -0.12500000000000    0.04166666666666   -0.31250000000000             1
   -0.04166666666666    0.04166666666666   -0.31250000000000             1
    0.04166666666666    0.12500000000000   -0.31250000000000             1
    0.12500000000000    0.12500000000000   -0.31250000000000             1
    0.20833333333334    0.12500000000000   -0.31250000000000             1
    0.29166666666666    0.12500000000000   -0.31250000000000             1
    0.37500000000000    0.12500000000000   -0.31250000000000             1
    0.45833333333334    0.12500000000000   -0.31250000000000             1
   -0.45833333333334    0.12500000000000   -0.31250000000000             1
   -0.37500000000000    0.12500000000000   -0.31250000000000             1
   -0.29166666666666    0.12500000000000   -0.31250000000000             1
   -0.20833333333334    0.12500000000000   -0.31250000000000             1
   -0.12500000000000    0.12500000000000   -0.31250000000000             1
   -0.04166666666666    0.12500000000000   -0.31250000000000             1
    0.04166666666666    0.20833333333334   -0.31250000000000             1
    0.12500000000000    0.20833333333334   -0.31250000000000             1
    0.20833333333334    0.20833333333334   -0.31250000000000             1
    0.29166666666666    0.20833333333334   -0.31250000000000             1
    0.37500000000000    0.20833333333334   -0.31250000000000             1
    0.45833333333334    0.20833333333334   -0.31250000000000             1
   -0.45833333333334    0.20833333333334   -0.31250000000000             1
   -0.37500000000000    0.20833333333334   -0.31250000000000             1
   -0.29166666666666    0.20833333333334   -0.31250000000000             1
   -0.20833333333334    0.20833333333334   -0.31250000000000             1
   -0.12500000000000    0.20833333333334   -0.31250000000000             1
   -0.04166666666666    0.20833333333334   -0.31250000000000             1
    0.04166666666666    0.29166666666666   -0.31250000000000             1
    0.12500000000000    0.29166666666666   -0.31250000000000             1
    0.20833333333334    0.29166666666666   -0.31250000000000             1
    0.29166666666666    0.29166666666666   -0.31250000000000             1
    0.37500000000000    0.29166666666666   -0.31250000000000             1
    0.45833333333334    0.29166666666666   -0.31250000000000             1
   -0.45833333333334    0.29166666666666   -0.31250000000000             1
   -0.37500000000000    0.29166666666666   -0.31250000000000             1
   -0.29166666666666    0.29166666666666   -0.31250000000000             1
   -0.20833333333334    0.29166666666666   -0.31250000000000             1
   -0.12500000000000    0.29166666666666   -0.31250000000000             1
   -0.04166666666666    0.29166666666666   -0.31250000000000             1
    0.04166666666666    0.37500000000000   -0.31250000000000             1
    0.12500000000000    0.37500000000000   -0.31250000000000             1
    0.20833333333334    0.37500000000000   -0.31250000000000             1
    0.29166666666666    0.37500000000000   -0.31250000000000             1
    0.37500000000000    0.37500000000000   -0.31250000000000             1
    0.45833333333334    0.37500000000000   -0.31250000000000             1
   -0.45833333333334    0.37500000000000   -0.31250000000000             1
   -0.37500000000000    0.37500000000000   -0.31250000000000             1
   -0.29166666666666    0.37500000000000   -0.31250000000000             1
   -0.20833333333334    0.37500000000000   -0.31250000000000             1
   -0.12500000000000    0.37500000000000   -0.31250000000000             1
   -0.04166666666666    0.37500000000000   -0.31250000000000             1
    0.04166666666666    0.45833333333334   -0.31250000000000             1
    0.12500000000000    0.45833333333334   -0.31250000000000             1
    0.20833333333334    0.45833333333334   -0.31250000000000             1
    0.29166666666666    0.45833333333334   -0.31250000000000             1
    0.37500000000000    0.45833333333334   -0.31250000000000             1
    0.45833333333334    0.45833333333334   -0.31250000000000             1
   -0.45833333333334    0.45833333333334   -0.31250000000000             1
   -0.37500000000000    0.45833333333334   -0.31250000000000             1
   -0.29166666666666    0.45833333333334   -0.31250000000000             1
   -0.20833333333334    0.45833333333334   -0.31250000000000             1
   -0.12500000000000    0.45833333333334   -0.31250000000000             1
   -0.04166666666666    0.45833333333334   -0.31250000000000             1
    0.04166666666666   -0.45833333333334   -0.31250000000000             1
    0.12500000000000   -0.45833333333334   -0.31250000000000             1
    0.20833333333334   -0.45833333333334   -0.31250000000000             1
    0.29166666666666   -0.45833333333334   -0.31250000000000             1
    0.37500000000000   -0.45833333333334   -0.31250000000000             1
    0.45833333333334   -0.45833333333334   -0.31250000000000             1
   -0.45833333333334   -0.45833333333334   -0.31250000000000             1
   -0.37500000000000   -0.45833333333334   -0.31250000000000             1
   -0.29166666666666   -0.45833333333334   -0.31250000000000             1
   -0.20833333333334   -0.45833333333334   -0.31250000000000             1
   -0.12500000000000   -0.45833333333334   -0.31250000000000             1
   -0.04166666666666   -0.45833333333334   -0.31250000000000             1
    0.04166666666666   -0.37500000000000   -0.31250000000000             1
    0.12500000000000   -0.37500000000000   -0.31250000000000             1
    0.20833333333334   -0.37500000000000   -0.31250000000000             1
    0.29166666666666   -0.37500000000000   -0.31250000000000             1
    0.37500000000000   -0.37500000000000   -0.31250000000000             1
    0.45833333333334   -0.37500000000000   -0.31250000000000             1
   -0.45833333333334   -0.37500000000000   -0.31250000000000             1
   -0.37500000000000   -0.37500000000000   -0.31250000000000             1
   -0.29166666666666   -0.37500000000000   -0.31250000000000             1
   -0.20833333333334   -0.37500000000000   -0.31250000000000             1
   -0.12500000000000   -0.37500000000000   -0.31250000000000             1
   -0.04166666666666   -0.37500000000000   -0.31250000000000             1
    0.04166666666666   -0.29166666666666   -0.31250000000000             1
    0.12500000000000   -0.29166666666666   -0.31250000000000             1
    0.20833333333334   -0.29166666666666   -0.31250000000000             1
    0.29166666666666   -0.29166666666666   -0.31250000000000             1
    0.37500000000000   -0.29166666666666   -0.31250000000000             1
    0.45833333333334   -0.29166666666666   -0.31250000000000             1
   -0.45833333333334   -0.29166666666666   -0.31250000000000             1
   -0.37500000000000   -0.29166666666666   -0.31250000000000             1
   -0.29166666666666   -0.29166666666666   -0.31250000000000             1
   -0.20833333333334   -0.29166666666666   -0.31250000000000             1
   -0.12500000000000   -0.29166666666666   -0.31250000000000             1
   -0.04166666666666   -0.29166666666666   -0.31250000000000             1
    0.04166666666666   -0.20833333333334   -0.31250000000000             1
    0.12500000000000   -0.20833333333334   -0.31250000000000             1
    0.20833333333334   -0.20833333333334   -0.31250000000000             1
    0.29166666666666   -0.20833333333334   -0.31250000000000             1
    0.37500000000000   -0.20833333333334   -0.31250000000000             1
    0.45833333333334   -0.20833333333334   -0.31250000000000             1
   -0.45833333333334   -0.20833333333334   -0.31250000000000             1
   -0.37500000000000   -0.20833333333334   -0.31250000000000             1
   -0.29166666666666   -0.20833333333334   -0.31250000000000             1
   -0.20833333333334   -0.20833333333334   -0.31250000000000             1
   -0.12500000000000   -0.20833333333334   -0.31250000000000             1
   -0.04166666666666   -0.20833333333334   -0.31250000000000             1
    0.04166666666666   -0.12500000000000   -0.31250000000000             1
    0.12500000000000   -0.12500000000000   -0.31250000000000             1
    0.20833333333334   -0.12500000000000   -0.31250000000000             1
    0.29166666666666   -0.12500000000000   -0.31250000000000             1
    0.37500000000000   -0.12500000000000   -0.31250000000000             1
    0.45833333333334   -0.12500000000000   -0.31250000000000             1
   -0.45833333333334   -0.12500000000000   -0.31250000000000             1
   -0.37500000000000   -0.12500000000000   -0.31250000000000             1
   -0.29166666666666   -0.12500000000000   -0.31250000000000             1
   -0.20833333333334   -0.12500000000000   -0.31250000000000             1
   -0.12500000000000   -0.12500000000000   -0.31250000000000             1
   -0.04166666666666   -0.12500000000000   -0.31250000000000             1
    0.04166666666666   -0.04166666666666   -0.31250000000000             1
    0.12500000000000   -0.04166666666666   -0.31250000000000             1
    0.20833333333334   -0.04166666666666   -0.31250000000000             1
    0.29166666666666   -0.04166666666666   -0.31250000000000             1
    0.37500000000000   -0.04166666666666   -0.31250000000000             1
    0.45833333333334   -0.04166666666666   -0.31250000000000             1
   -0.45833333333334   -0.04166666666666   -0.31250000000000             1
   -0.37500000000000   -0.04166666666666   -0.31250000000000             1
   -0.29166666666666   -0.04166666666666   -0.31250000000000             1
   -0.20833333333334   -0.04166666666666   -0.31250000000000             1
   -0.12500000000000   -0.04166666666666   -0.31250000000000             1
   -0.04166666666666   -0.04166666666666   -0.31250000000000             1
    0.04166666666666    0.04166666666666   -0.18750000000000             1
    0.12500000000000    0.04166666666666   -0.18750000000000             1
    0.20833333333334    0.04166666666666   -0.18750000000000             1
    0.29166666666666    0.04166666666666   -0.18750000000000             1
    0.37500000000000    0.04166666666666   -0.18750000000000             1
    0.45833333333334    0.04166666666666   -0.18750000000000             1
   -0.45833333333334    0.04166666666666   -0.18750000000000             1
   -0.37500000000000    0.04166666666666   -0.18750000000000             1
   -0.29166666666666    0.04166666666666   -0.18750000000000             1
   -0.20833333333334    0.04166666666666   -0.18750000000000             1
   -0.12500000000000    0.04166666666666   -0.18750000000000             1
   -0.04166666666666    0.04166666666666   -0.18750000000000             1
    0.04166666666666    0.12500000000000   -0.18750000000000             1
    0.12500000000000    0.12500000000000   -0.18750000000000             1
    0.20833333333334    0.12500000000000   -0.18750000000000             1
    0.29166666666666    0.12500000000000   -0.18750000000000             1
    0.37500000000000    0.12500000000000   -0.18750000000000             1
    0.45833333333334    0.12500000000000   -0.18750000000000             1
   -0.45833333333334    0.12500000000000   -0.18750000000000             1
   -0.37500000000000    0.12500000000000   -0.18750000000000             1
   -0.29166666666666    0.12500000000000   -0.18750000000000             1
   -0.20833333333334    0.12500000000000   -0.18750000000000             1
   -0.12500000000000    0.12500000000000   -0.18750000000000             1
   -0.04166666666666    0.12500000000000   -0.18750000000000             1
    0.04166666666666    0.20833333333334   -0.18750000000000             1
    0.12500000000000    0.20833333333334   -0.18750000000000             1
    0.20833333333334    0.20833333333334   -0.18750000000000             1
    0.29166666666666    0.20833333333334   -0.18750000000000             1
    0.37500000000000    0.20833333333334   -0.18750000000000             1
    0.45833333333334    0.20833333333334   -0.18750000000000             1
   -0.45833333333334    0.20833333333334   -0.18750000000000             1
   -0.37500000000000    0.20833333333334   -0.18750000000000             1
   -0.29166666666666    0.20833333333334   -0.18750000000000             1
   -0.20833333333334    0.20833333333334   -0.18750000000000             1
   -0.12500000000000    0.20833333333334   -0.18750000000000             1
   -0.04166666666666    0.20833333333334   -0.18750000000000             1
    0.04166666666666    0.29166666666666   -0.18750000000000             1
    0.12500000000000    0.29166666666666   -0.18750000000000             1
    0.20833333333334    0.29166666666666   -0.18750000000000             1
    0.29166666666666    0.29166666666666   -0.18750000000000             1
    0.37500000000000    0.29166666666666   -0.18750000000000             1
    0.45833333333334    0.29166666666666   -0.18750000000000             1
   -0.45833333333334    0.29166666666666   -0.18750000000000             1
   -0.37500000000000    0.29166666666666   -0.18750000000000             1
   -0.29166666666666    0.29166666666666   -0.18750000000000             1
   -0.20833333333334    0.29166666666666   -0.18750000000000             1
   -0.12500000000000    0.29166666666666   -0.18750000000000             1
   -0.04166666666666    0.29166666666666   -0.18750000000000             1
    0.04166666666666    0.37500000000000   -0.18750000000000             1
    0.12500000000000    0.37500000000000   -0.18750000000000             1
    0.20833333333334    0.37500000000000   -0.18750000000000             1
    0.29166666666666    0.37500000000000   -0.18750000000000             1
    0.37500000000000    0.37500000000000   -0.18750000000000             1
    0.45833333333334    0.37500000000000   -0.18750000000000             1
   -0.45833333333334    0.37500000000000   -0.18750000000000             1
   -0.37500000000000    0.37500000000000   -0.18750000000000             1
   -0.29166666666666    0.37500000000000   -0.18750000000000             1
   -0.20833333333334    0.37500000000000   -0.18750000000000             1
   -0.12500000000000    0.37500000000000   -0.18750000000000             1
   -0.04166666666666    0.37500000000000   -0.18750000000000             1
    0.04166666666666    0.45833333333334   -0.18750000000000             1
    0.12500000000000    0.45833333333334   -0.18750000000000             1
    0.20833333333334    0.45833333333334   -0.18750000000000             1
    0.29166666666666    0.45833333333334   -0.18750000000000             1
    0.37500000000000    0.45833333333334   -0.18750000000000             1
    0.45833333333334    0.45833333333334   -0.18750000000000             1
   -0.45833333333334    0.45833333333334   -0.18750000000000             1
   -0.37500000000000    0.45833333333334   -0.18750000000000             1
   -0.29166666666666    0.45833333333334   -0.18750000000000             1
   -0.20833333333334    0.45833333333334   -0.18750000000000             1
   -0.12500000000000    0.45833333333334   -0.18750000000000             1
   -0.04166666666666    0.45833333333334   -0.18750000000000             1
    0.04166666666666   -0.45833333333334   -0.18750000000000             1
    0.12500000000000   -0.45833333333334   -0.18750000000000             1
    0.20833333333334   -0.45833333333334   -0.18750000000000             1
    0.29166666666666   -0.45833333333334   -0.18750000000000             1
    0.37500000000000   -0.45833333333334   -0.18750000000000             1
    0.45833333333334   -0.45833333333334   -0.18750000000000             1
   -0.45833333333334   -0.45833333333334   -0.18750000000000             1
   -0.37500000000000   -0.45833333333334   -0.18750000000000             1
   -0.29166666666666   -0.45833333333334   -0.18750000000000             1
   -0.20833333333334   -0.45833333333334   -0.18750000000000             1
   -0.12500000000000   -0.45833333333334   -0.18750000000000             1
   -0.04166666666666   -0.45833333333334   -0.18750000000000             1
    0.04166666666666   -0.37500000000000   -0.18750000000000             1
    0.12500000000000   -0.37500000000000   -0.18750000000000             1
    0.20833333333334   -0.37500000000000   -0.18750000000000             1
    0.29166666666666   -0.37500000000000   -0.18750000000000             1
    0.37500000000000   -0.37500000000000   -0.18750000000000             1
    0.45833333333334   -0.37500000000000   -0.18750000000000             1
   -0.45833333333334   -0.37500000000000   -0.18750000000000             1
   -0.37500000000000   -0.37500000000000   -0.18750000000000             1
   -0.29166666666666   -0.37500000000000   -0.18750000000000             1
   -0.20833333333334   -0.37500000000000   -0.18750000000000             1
   -0.12500000000000   -0.37500000000000   -0.18750000000000             1
   -0.04166666666666   -0.37500000000000   -0.18750000000000             1
    0.04166666666666   -0.29166666666666   -0.18750000000000             1
    0.12500000000000   -0.29166666666666   -0.18750000000000             1
    0.20833333333334   -0.29166666666666   -0.18750000000000             1
    0.29166666666666   -0.29166666666666   -0.18750000000000             1
    0.37500000000000   -0.29166666666666   -0.18750000000000             1
    0.45833333333334   -0.29166666666666   -0.18750000000000             1
   -0.45833333333334   -0.29166666666666   -0.18750000000000             1
   -0.37500000000000   -0.29166666666666   -0.18750000000000             1
   -0.29166666666666   -0.29166666666666   -0.18750000000000             1
   -0.20833333333334   -0.29166666666666   -0.18750000000000             1
   -0.12500000000000   -0.29166666666666   -0.18750000000000             1
   -0.04166666666666   -0.29166666666666   -0.18750000000000             1
    0.04166666666666   -0.20833333333334   -0.18750000000000             1
    0.12500000000000   -0.20833333333334   -0.18750000000000             1
    0.20833333333334   -0.20833333333334   -0.18750000000000             1
    0.29166666666666   -0.20833333333334   -0.18750000000000             1
    0.37500000000000   -0.20833333333334   -0.18750000000000             1
    0.45833333333334   -0.20833333333334   -0.18750000000000             1
   -0.45833333333334   -0.20833333333334   -0.18750000000000             1
   -0.37500000000000   -0.20833333333334   -0.18750000000000             1
   -0.29166666666666   -0.20833333333334   -0.18750000000000             1
   -0.20833333333334   -0.20833333333334   -0.18750000000000             1
   -0.12500000000000   -0.20833333333334   -0.18750000000000             1
   -0.04166666666666   -0.20833333333334   -0.18750000000000             1
    0.04166666666666   -0.12500000000000   -0.18750000000000             1
    0.12500000000000   -0.12500000000000   -0.18750000000000             1
    0.20833333333334   -0.12500000000000   -0.18750000000000             1
    0.29166666666666   -0.12500000000000   -0.18750000000000             1
    0.37500000000000   -0.12500000000000   -0.18750000000000             1
    0.45833333333334   -0.12500000000000   -0.18750000000000             1
   -0.45833333333334   -0.12500000000000   -0.18750000000000             1
   -0.37500000000000   -0.12500000000000   -0.18750000000000             1
   -0.29166666666666   -0.12500000000000   -0.18750000000000             1
   -0.20833333333334   -0.12500000000000   -0.18750000000000             1
   -0.12500000000000   -0.12500000000000   -0.18750000000000             1
   -0.04166666666666   -0.12500000000000   -0.18750000000000             1
    0.04166666666666   -0.04166666666666   -0.18750000000000             1
    0.12500000000000   -0.04166666666666   -0.18750000000000             1
    0.20833333333334   -0.04166666666666   -0.18750000000000             1
    0.29166666666666   -0.04166666666666   -0.18750000000000             1
    0.37500000000000   -0.04166666666666   -0.18750000000000             1
    0.45833333333334   -0.04166666666666   -0.18750000000000             1
   -0.45833333333334   -0.04166666666666   -0.18750000000000             1
   -0.37500000000000   -0.04166666666666   -0.18750000000000             1
   -0.29166666666666   -0.04166666666666   -0.18750000000000             1
   -0.20833333333334   -0.04166666666666   -0.18750000000000             1
   -0.12500000000000   -0.04166666666666   -0.18750000000000             1
   -0.04166666666666   -0.04166666666666   -0.18750000000000             1
    0.04166666666666    0.04166666666666   -0.06250000000000             1
    0.12500000000000    0.04166666666666   -0.06250000000000             1
    0.20833333333334    0.04166666666666   -0.06250000000000             1
    0.29166666666666    0.04166666666666   -0.06250000000000             1
    0.37500000000000    0.04166666666666   -0.06250000000000             1
    0.45833333333334    0.04166666666666   -0.06250000000000             1
   -0.45833333333334    0.04166666666666   -0.06250000000000             1
   -0.37500000000000    0.04166666666666   -0.06250000000000             1
   -0.29166666666666    0.04166666666666   -0.06250000000000             1
   -0.20833333333334    0.04166666666666   -0.06250000000000             1
   -0.12500000000000    0.04166666666666   -0.06250000000000             1
   -0.04166666666666    0.04166666666666   -0.06250000000000             1
    0.04166666666666    0.12500000000000   -0.06250000000000             1
    0.12500000000000    0.12500000000000   -0.06250000000000             1
    0.20833333333334    0.12500000000000   -0.06250000000000             1
    0.29166666666666    0.12500000000000   -0.06250000000000             1
    0.37500000000000    0.12500000000000   -0.06250000000000             1
    0.45833333333334    0.12500000000000   -0.06250000000000             1
   -0.45833333333334    0.12500000000000   -0.06250000000000             1
   -0.37500000000000    0.12500000000000   -0.06250000000000             1
   -0.29166666666666    0.12500000000000   -0.06250000000000             1
   -0.20833333333334    0.12500000000000   -0.06250000000000             1
   -0.12500000000000    0.12500000000000   -0.06250000000000             1
   -0.04166666666666    0.12500000000000   -0.06250000000000             1
    0.04166666666666    0.20833333333334   -0.06250000000000             1
    0.12500000000000    0.20833333333334   -0.06250000000000             1
    0.20833333333334    0.20833333333334   -0.06250000000000             1
    0.29166666666666    0.20833333333334   -0.06250000000000             1
    0.37500000000000    0.20833333333334   -0.06250000000000             1
    0.45833333333334    0.20833333333334   -0.06250000000000             1
   -0.45833333333334    0.20833333333334   -0.06250000000000             1
   -0.37500000000000    0.20833333333334   -0.06250000000000             1
   -0.29166666666666    0.20833333333334   -0.06250000000000             1
   -0.20833333333334    0.20833333333334   -0.06250000000000             1
   -0.12500000000000    0.20833333333334   -0.06250000000000             1
   -0.04166666666666    0.20833333333334   -0.06250000000000             1
    0.04166666666666    0.29166666666666   -0.06250000000000             1
    0.12500000000000    0.29166666666666   -0.06250000000000             1
    0.20833333333334    0.29166666666666   -0.06250000000000             1
    0.29166666666666    0.29166666666666   -0.06250000000000             1
    0.37500000000000    0.29166666666666   -0.06250000000000             1
    0.45833333333334    0.29166666666666   -0.06250000000000             1
   -0.45833333333334    0.29166666666666   -0.06250000000000             1
   -0.37500000000000    0.29166666666666   -0.06250000000000             1
   -0.29166666666666    0.29166666666666   -0.06250000000000             1
   -0.20833333333334    0.29166666666666   -0.06250000000000             1
   -0.12500000000000    0.29166666666666   -0.06250000000000             1
   -0.04166666666666    0.29166666666666   -0.06250000000000             1
    0.04166666666666    0.37500000000000   -0.06250000000000             1
    0.12500000000000    0.37500000000000   -0.06250000000000             1
    0.20833333333334    0.37500000000000   -0.06250000000000             1
    0.29166666666666    0.37500000000000   -0.06250000000000             1
    0.37500000000000    0.37500000000000   -0.06250000000000             1
    0.45833333333334    0.37500000000000   -0.06250000000000             1
   -0.45833333333334    0.37500000000000   -0.06250000000000             1
   -0.37500000000000    0.37500000000000   -0.06250000000000             1
   -0.29166666666666    0.37500000000000   -0.06250000000000             1
   -0.20833333333334    0.37500000000000   -0.06250000000000             1
   -0.12500000000000    0.37500000000000   -0.06250000000000             1
   -0.04166666666666    0.37500000000000   -0.06250000000000             1
    0.04166666666666    0.45833333333334   -0.06250000000000             1
    0.12500000000000    0.45833333333334   -0.06250000000000             1
    0.20833333333334    0.45833333333334   -0.06250000000000             1
    0.29166666666666    0.45833333333334   -0.06250000000000             1
    0.37500000000000    0.45833333333334   -0.06250000000000             1
    0.45833333333334    0.45833333333334   -0.06250000000000             1
   -0.45833333333334    0.45833333333334   -0.06250000000000             1
   -0.37500000000000    0.45833333333334   -0.06250000000000             1
   -0.29166666666666    0.45833333333334   -0.06250000000000             1
   -0.20833333333334    0.45833333333334   -0.06250000000000             1
   -0.12500000000000    0.45833333333334   -0.06250000000000             1
   -0.04166666666666    0.45833333333334   -0.06250000000000             1
    0.04166666666666   -0.45833333333334   -0.06250000000000             1
    0.12500000000000   -0.45833333333334   -0.06250000000000             1
    0.20833333333334   -0.45833333333334   -0.06250000000000             1
    0.29166666666666   -0.45833333333334   -0.06250000000000             1
    0.37500000000000   -0.45833333333334   -0.06250000000000             1
    0.45833333333334   -0.45833333333334   -0.06250000000000             1
   -0.45833333333334   -0.45833333333334   -0.06250000000000             1
   -0.37500000000000   -0.45833333333334   -0.06250000000000             1
   -0.29166666666666   -0.45833333333334   -0.06250000000000             1
   -0.20833333333334   -0.45833333333334   -0.06250000000000             1
   -0.12500000000000   -0.45833333333334   -0.06250000000000             1
   -0.04166666666666   -0.45833333333334   -0.06250000000000             1
    0.04166666666666   -0.37500000000000   -0.06250000000000             1
    0.12500000000000   -0.37500000000000   -0.06250000000000             1
    0.20833333333334   -0.37500000000000   -0.06250000000000             1
    0.29166666666666   -0.37500000000000   -0.06250000000000             1
    0.37500000000000   -0.37500000000000   -0.06250000000000             1
    0.45833333333334   -0.37500000000000   -0.06250000000000             1
   -0.45833333333334   -0.37500000000000   -0.06250000000000             1
   -0.37500000000000   -0.37500000000000   -0.06250000000000             1
   -0.29166666666666   -0.37500000000000   -0.06250000000000             1
   -0.20833333333334   -0.37500000000000   -0.06250000000000             1
   -0.12500000000000   -0.37500000000000   -0.06250000000000             1
   -0.04166666666666   -0.37500000000000   -0.06250000000000             1
    0.04166666666666   -0.29166666666666   -0.06250000000000             1
    0.12500000000000   -0.29166666666666   -0.06250000000000             1
    0.20833333333334   -0.29166666666666   -0.06250000000000             1
    0.29166666666666   -0.29166666666666   -0.06250000000000             1
    0.37500000000000   -0.29166666666666   -0.06250000000000             1
    0.45833333333334   -0.29166666666666   -0.06250000000000             1
   -0.45833333333334   -0.29166666666666   -0.06250000000000             1
   -0.37500000000000   -0.29166666666666   -0.06250000000000             1
   -0.29166666666666   -0.29166666666666   -0.06250000000000             1
   -0.20833333333334   -0.29166666666666   -0.06250000000000             1
   -0.12500000000000   -0.29166666666666   -0.06250000000000             1
   -0.04166666666666   -0.29166666666666   -0.06250000000000             1
    0.04166666666666   -0.20833333333334   -0.06250000000000             1
    0.12500000000000   -0.20833333333334   -0.06250000000000             1
    0.20833333333334   -0.20833333333334   -0.06250000000000             1
    0.29166666666666   -0.20833333333334   -0.06250000000000             1
    0.37500000000000   -0.20833333333334   -0.06250000000000             1
    0.45833333333334   -0.20833333333334   -0.06250000000000             1
   -0.45833333333334   -0.20833333333334   -0.06250000000000             1
   -0.37500000000000   -0.20833333333334   -0.06250000000000             1
   -0.29166666666666   -0.20833333333334   -0.06250000000000             1
   -0.20833333333334   -0.20833333333334   -0.06250000000000             1
   -0.12500000000000   -0.20833333333334   -0.06250000000000             1
   -0.04166666666666   -0.20833333333334   -0.06250000000000             1
    0.04166666666666   -0.12500000000000   -0.06250000000000             1
    0.12500000000000   -0.12500000000000   -0.06250000000000             1
    0.20833333333334   -0.12500000000000   -0.06250000000000             1
    0.29166666666666   -0.12500000000000   -0.06250000000000             1
    0.37500000000000   -0.12500000000000   -0.06250000000000             1
    0.45833333333334   -0.12500000000000   -0.06250000000000             1
   -0.45833333333334   -0.12500000000000   -0.06250000000000             1
   -0.37500000000000   -0.12500000000000   -0.06250000000000             1
   -0.29166666666666   -0.12500000000000   -0.06250000000000             1
   -0.20833333333334   -0.12500000000000   -0.06250000000000             1
   -0.12500000000000   -0.12500000000000   -0.06250000000000             1
   -0.04166666666666   -0.12500000000000   -0.06250000000000             1
    0.04166666666666   -0.04166666666666   -0.06250000000000             1
    0.12500000000000   -0.04166666666666   -0.06250000000000             1
    0.20833333333334   -0.04166666666666   -0.06250000000000             1
    0.29166666666666   -0.04166666666666   -0.06250000000000             1
    0.37500000000000   -0.04166666666666   -0.06250000000000             1
    0.45833333333334   -0.04166666666666   -0.06250000000000             1
   -0.45833333333334   -0.04166666666666   -0.06250000000000             1
   -0.37500000000000   -0.04166666666666   -0.06250000000000             1
   -0.29166666666666   -0.04166666666666   -0.06250000000000             1
   -0.20833333333334   -0.04166666666666   -0.06250000000000             1
   -0.12500000000000   -0.04166666666666   -0.06250000000000             1
   -0.04166666666666   -0.04166666666666   -0.06250000000000             1
