Automatically generated mesh
     672
Reciprocal lattice
    0.00000000000000    0.00000000000000    0.00000000000000             1
    0.08333333333334    0.00000000000000    0.00000000000000             1
    0.16666666666666    0.00000000000000    0.00000000000000             1
    0.25000000000000   -0.00000000000000    0.00000000000000             1
    0.33333333333334   -0.00000000000000    0.00000000000000             1
    0.41666666666666   -0.00000000000000    0.00000000000000             1
    0.50000000000000   -0.00000000000000    0.00000000000000             1
   -0.41666666666666    0.00000000000000   -0.00000000000000             1
   -0.33333333333334    0.00000000000000   -0.00000000000000             1
   -0.25000000000000    0.00000000000000   -0.00000000000000             1
   -0.16666666666666   -0.00000000000000   -0.00000000000000             1
   -0.08333333333334   -0.00000000000000   -0.00000000000000             1
    0.00000000000000    0.12500000000000   -0.00000000000000             1
    0.08333333333334    0.12500000000000    0.00000000000000             1
    0.16666666666666    0.12500000000000    0.00000000000000             1
    0.25000000000000    0.12500000000000    0.00000000000000             1
    0.33333333333334    0.12500000000000    0.00000000000000             1
    0.41666666666666    0.12500000000000    0.00000000000000             1
    0.50000000000000    0.12500000000000    0.00000000000000             1
   -0.41666666666666    0.12500000000000   -0.00000000000000             1
   -0.33333333333334    0.12500000000000   -0.00000000000000             1
   -0.25000000000000    0.12500000000000   -0.00000000000000             1
   -0.16666666666666    0.12500000000000   -0.00000000000000             1
   -0.08333333333334    0.12500000000000   -0.00000000000000             1
    0.00000000000000    0.25000000000000   -0.00000000000000             1
    0.08333333333334    0.25000000000000    0.00000000000000             1
    0.16666666666666    0.25000000000000    0.00000000000000             1
    0.25000000000000    0.25000000000000    0.00000000000000             1
    0.33333333333334    0.25000000000000    0.00000000000000             1
    0.41666666666666    0.25000000000000    0.00000000000000             1
    0.50000000000000    0.25000000000000    0.00000000000000             1
   -0.41666666666666    0.25000000000000   -0.00000000000000             1
   -0.33333333333334    0.25000000000000   -0.00000000000000             1
   -0.25000000000000    0.25000000000000   -0.00000000000000             1
   -0.16666666666666    0.25000000000000    0.00000000000000             1
   -0.08333333333334    0.25000000000000   -0.00000000000000             1
    0.00000000000000    0.37500000000000   -0.00000000000000             1
    0.08333333333334    0.37500000000000    0.00000000000000             1
    0.16666666666666    0.37500000000000    0.00000000000000             1
    0.25000000000000    0.37500000000000    0.00000000000000             1
    0.33333333333334    0.37500000000000    0.00000000000000             1
    0.41666666666666    0.37500000000000   -0.00000000000000             1
    0.50000000000000    0.37500000000000    0.00000000000000             1
   -0.41666666666666    0.37500000000000    0.00000000000000             1
   -0.33333333333334    0.37500000000000   -0.00000000000000             1
   -0.25000000000000    0.37500000000000   -0.00000000000000             1
   -0.16666666666666    0.37500000000000   -0.00000000000000             1
   -0.08333333333334    0.37500000000000   -0.00000000000000             1
    0.00000000000000    0.50000000000000   -0.00000000000000             1
    0.08333333333334    0.50000000000000    0.00000000000000             1
    0.16666666666666    0.50000000000000    0.00000000000000             1
    0.25000000000000    0.50000000000000   -0.00000000000000             1
    0.33333333333334    0.50000000000000    0.00000000000000             1
    0.41666666666666    0.50000000000000    0.00000000000000             1
    0.50000000000000    0.50000000000000    0.00000000000000             1
   -0.41666666666666    0.50000000000000   -0.00000000000000             1
   -0.33333333333334    0.50000000000000    0.00000000000000             1
   -0.25000000000000    0.50000000000000    0.00000000000000             1
   -0.16666666666666    0.50000000000000   -0.00000000000000             1
   -0.08333333333334    0.50000000000000    0.00000000000000             1
   -0.00000000000000   -0.37500000000000    0.00000000000000             1
    0.08333333333334   -0.37500000000000    0.00000000000000             1
    0.16666666666666   -0.37500000000000    0.00000000000000             1
    0.25000000000000   -0.37500000000000    0.00000000000000             1
    0.33333333333334   -0.37500000000000    0.00000000000000             1
    0.41666666666666   -0.37500000000000    0.00000000000000             1
    0.50000000000000   -0.37500000000000    0.00000000000000             1
   -0.41666666666666   -0.37500000000000    0.00000000000000             1
   -0.33333333333334   -0.37500000000000    0.00000000000000             1
   -0.25000000000000   -0.37500000000000   -0.00000000000000             1
   -0.16666666666666   -0.37500000000000   -0.00000000000000             1
   -0.08333333333334   -0.37500000000000    0.00000000000000             1
   -0.00000000000000   -0.25000000000000    0.00000000000000             1
    0.08333333333334   -0.25000000000000    0.00000000000000             1
    0.16666666666666   -0.25000000000000    0.00000000000000             1
    0.25000000000000   -0.25000000000000    0.00000000000000             1
    0.33333333333334   -0.25000000000000    0.00000000000000             1
    0.41666666666666   -0.25000000000000    0.00000000000000             1
    0.50000000000000   -0.25000000000000    0.00000000000000             1
   -0.41666666666666   -0.25000000000000   -0.00000000000000             1
   -0.33333333333334   -0.25000000000000   -0.00000000000000             1
   -0.25000000000000   -0.25000000000000   -0.00000000000000             1
   -0.16666666666666   -0.25000000000000   -0.00000000000000             1
   -0.08333333333334   -0.25000000000000   -0.00000000000000             1
   -0.00000000000000   -0.12500000000000    0.00000000000000             1
    0.08333333333334   -0.12500000000000    0.00000000000000             1
    0.16666666666666   -0.12500000000000    0.00000000000000             1
    0.25000000000000   -0.12500000000000    0.00000000000000             1
    0.33333333333334   -0.12500000000000    0.00000000000000             1
    0.41666666666666   -0.12500000000000    0.00000000000000             1
    0.50000000000000   -0.12500000000000    0.00000000000000             1
   -0.41666666666666   -0.12500000000000    0.00000000000000             1
   -0.33333333333334   -0.12500000000000   -0.00000000000000             1
   -0.25000000000000   -0.12500000000000   -0.00000000000000             1
   -0.16666666666666   -0.12500000000000   -0.00000000000000             1
   -0.08333333333334   -0.12500000000000   -0.00000000000000             1
    0.00000000000000    0.00000000000000    0.14285714285715             1
    0.08333333333334    0.00000000000000    0.14285714285715             1
    0.16666666666666    0.00000000000000    0.14285714285715             1
    0.25000000000000    0.00000000000000    0.14285714285715             1
    0.33333333333334   -0.00000000000000    0.14285714285715             1
    0.41666666666666    0.00000000000000    0.14285714285715             1
    0.50000000000000    0.00000000000000    0.14285714285715             1
   -0.41666666666666    0.00000000000000    0.14285714285715             1
   -0.33333333333334    0.00000000000000    0.14285714285715             1
   -0.25000000000000    0.00000000000000    0.14285714285715             1
   -0.16666666666666    0.00000000000000    0.14285714285715             1
   -0.08333333333334    0.00000000000000    0.14285714285715             1
    0.00000000000000    0.12500000000000    0.14285714285715             1
    0.08333333333334    0.12500000000000    0.14285714285715             1
    0.16666666666666    0.12500000000000    0.14285714285715             1
    0.25000000000000    0.12500000000000    0.14285714285715             1
    0.33333333333334    0.12500000000000    0.14285714285715             1
    0.41666666666666    0.12500000000000    0.14285714285715             1
    0.50000000000000    0.12500000000000    0.14285714285715             1
   -0.41666666666666    0.12500000000000    0.14285714285715             1
   -0.33333333333334    0.12500000000000    0.14285714285715             1
   -0.25000000000000    0.12500000000000    0.14285714285715             1
   -0.16666666666666    0.12500000000000    0.14285714285715             1
   -0.08333333333334    0.12500000000000    0.14285714285715             1
    0.00000000000000    0.25000000000000    0.14285714285715             1
    0.08333333333334    0.25000000000000    0.14285714285715             1
    0.16666666666666    0.25000000000000    0.14285714285715             1
    0.25000000000000    0.25000000000000    0.14285714285715             1
    0.33333333333334    0.25000000000000    0.14285714285715             1
    0.41666666666666    0.25000000000000    0.14285714285715             1
    0.50000000000000    0.25000000000000    0.14285714285715             1
   -0.41666666666666    0.25000000000000    0.14285714285715             1
   -0.33333333333334    0.25000000000000    0.14285714285715             1
   -0.25000000000000    0.25000000000000    0.14285714285715             1
   -0.16666666666666    0.25000000000000    0.14285714285715             1
   -0.08333333333334    0.25000000000000    0.14285714285715             1
   -0.00000000000000    0.37500000000000    0.14285714285715             1
    0.08333333333334    0.37500000000000    0.14285714285715             1
    0.16666666666666    0.37500000000000    0.14285714285715             1
    0.25000000000000    0.37500000000000    0.14285714285715             1
    0.33333333333334    0.37500000000000    0.14285714285715             1
    0.41666666666666    0.37500000000000    0.14285714285715             1
    0.50000000000000    0.37500000000000    0.14285714285715             1
   -0.41666666666666    0.37500000000000    0.14285714285715             1
   -0.33333333333334    0.37500000000000    0.14285714285715             1
   -0.25000000000000    0.37500000000000    0.14285714285715             1
   -0.16666666666666    0.37500000000000    0.14285714285715             1
   -0.08333333333334    0.37500000000000    0.14285714285715             1
    0.00000000000000    0.50000000000000    0.14285714285715             1
    0.08333333333334    0.50000000000000    0.14285714285715             1
    0.16666666666666    0.50000000000000    0.14285714285715             1
    0.25000000000000    0.50000000000000    0.14285714285715             1
    0.33333333333334    0.50000000000000    0.14285714285715             1
    0.41666666666666    0.50000000000000    0.14285714285715             1
    0.50000000000000    0.50000000000000    0.14285714285715             1
   -0.41666666666666    0.50000000000000    0.14285714285715             1
   -0.33333333333334    0.50000000000000    0.14285714285715             1
   -0.25000000000000    0.50000000000000    0.14285714285715             1
   -0.16666666666666    0.50000000000000    0.14285714285715             1
   -0.08333333333334    0.50000000000000    0.14285714285715             1
    0.00000000000000   -0.37500000000000    0.14285714285715             1
    0.08333333333334   -0.37500000000000    0.14285714285715             1
    0.16666666666666   -0.37500000000000    0.14285714285715             1
    0.25000000000000   -0.37500000000000    0.14285714285715             1
    0.33333333333334   -0.37500000000000    0.14285714285715             1
    0.41666666666666   -0.37500000000000    0.14285714285715             1
    0.50000000000000   -0.37500000000000    0.14285714285715             1
   -0.41666666666666   -0.37500000000000    0.14285714285715             1
   -0.33333333333334   -0.37500000000000    0.14285714285715             1
   -0.25000000000000   -0.37500000000000    0.14285714285715             1
   -0.16666666666666   -0.37500000000000    0.14285714285715             1
   -0.08333333333334   -0.37500000000000    0.14285714285715             1
   -0.00000000000000   -0.25000000000000    0.14285714285715             1
    0.08333333333334   -0.25000000000000    0.14285714285715             1
    0.16666666666666   -0.25000000000000    0.14285714285715             1
    0.25000000000000   -0.25000000000000    0.14285714285715             1
    0.33333333333334   -0.25000000000000    0.14285714285715             1
    0.41666666666666   -0.25000000000000    0.14285714285715             1
    0.50000000000000   -0.25000000000000    0.14285714285715             1
   -0.41666666666666   -0.25000000000000    0.14285714285715             1
   -0.33333333333334   -0.25000000000000    0.14285714285715             1
   -0.25000000000000   -0.25000000000000    0.14285714285715             1
   -0.16666666666666   -0.25000000000000    0.14285714285715             1
   -0.08333333333334   -0.25000000000000    0.14285714285715             1
    0.00000000000000   -0.12500000000000    0.14285714285715             1
    0.08333333333334   -0.12500000000000    0.14285714285715             1
    0.16666666666666   -0.12500000000000    0.14285714285715             1
    0.25000000000000   -0.12500000000000    0.14285714285715             1
    0.33333333333334   -0.12500000000000    0.14285714285715             1
    0.41666666666666   -0.12500000000000    0.14285714285715             1
    0.50000000000000   -0.12500000000000    0.14285714285715             1
   -0.41666666666666   -0.12500000000000    0.14285714285715             1
   -0.33333333333334   -0.12500000000000    0.14285714285715             1
   -0.25000000000000   -0.12500000000000    0.14285714285715             1
   -0.16666666666666   -0.12500000000000    0.14285714285715             1
   -0.08333333333334   -0.12500000000000    0.14285714285715             1
    0.00000000000000    0.00000000000000    0.28571428571428             1
    0.08333333333334    0.00000000000000    0.28571428571428             1
    0.16666666666666    0.00000000000000    0.28571428571428             1
    0.25000000000000    0.00000000000000    0.28571428571428             1
    0.33333333333334    0.00000000000000    0.28571428571428             1
    0.41666666666666    0.00000000000000    0.28571428571428             1
    0.50000000000000    0.00000000000000    0.28571428571428             1
   -0.41666666666666    0.00000000000000    0.28571428571428             1
   -0.33333333333334    0.00000000000000    0.28571428571428             1
   -0.25000000000000    0.00000000000000    0.28571428571428             1
   -0.16666666666666   -0.00000000000000    0.28571428571428             1
   -0.08333333333334    0.00000000000000    0.28571428571428             1
    0.00000000000000    0.12500000000000    0.28571428571428             1
    0.08333333333334    0.12500000000000    0.28571428571428             1
    0.16666666666666    0.12500000000000    0.28571428571428             1
    0.25000000000000    0.12500000000000    0.28571428571428             1
    0.33333333333334    0.12500000000000    0.28571428571428             1
    0.41666666666666    0.12500000000000    0.28571428571428             1
    0.50000000000000    0.12500000000000    0.28571428571428             1
   -0.41666666666666    0.12500000000000    0.28571428571428             1
   -0.33333333333334    0.12500000000000    0.28571428571428             1
   -0.25000000000000    0.12500000000000    0.28571428571428             1
   -0.16666666666666    0.12500000000000    0.28571428571428             1
   -0.08333333333334    0.12500000000000    0.28571428571428             1
    0.00000000000000    0.25000000000000    0.28571428571428             1
    0.08333333333334    0.25000000000000    0.28571428571428             1
    0.16666666666666    0.25000000000000    0.28571428571428             1
    0.25000000000000    0.25000000000000    0.28571428571428             1
    0.33333333333334    0.25000000000000    0.28571428571428             1
    0.41666666666666    0.25000000000000    0.28571428571428             1
    0.50000000000000    0.25000000000000    0.28571428571428             1
   -0.41666666666666    0.25000000000000    0.28571428571428             1
   -0.33333333333334    0.25000000000000    0.28571428571428             1
   -0.25000000000000    0.25000000000000    0.28571428571428             1
   -0.16666666666666    0.25000000000000    0.28571428571428             1
   -0.08333333333334    0.25000000000000    0.28571428571428             1
    0.00000000000000    0.37500000000000    0.28571428571428             1
    0.08333333333334    0.37500000000000    0.28571428571428             1
    0.16666666666666    0.37500000000000    0.28571428571428             1
    0.25000000000000    0.37500000000000    0.28571428571428             1
    0.33333333333334    0.37500000000000    0.28571428571428             1
    0.41666666666666    0.37500000000000    0.28571428571428             1
    0.50000000000000    0.37500000000000    0.28571428571428             1
   -0.41666666666666    0.37500000000000    0.28571428571428             1
   -0.33333333333334    0.37500000000000    0.28571428571428             1
   -0.25000000000000    0.37500000000000    0.28571428571428             1
   -0.16666666666666    0.37500000000000    0.28571428571428             1
   -0.08333333333334    0.37500000000000    0.28571428571428             1
    0.00000000000000    0.50000000000000    0.28571428571428             1
    0.08333333333334    0.50000000000000    0.28571428571428             1
    0.16666666666666    0.50000000000000    0.28571428571428             1
    0.25000000000000    0.50000000000000    0.28571428571428             1
    0.33333333333334    0.50000000000000    0.28571428571428             1
    0.41666666666666    0.50000000000000    0.28571428571428             1
    0.50000000000000    0.50000000000000    0.28571428571428             1
   -0.41666666666666    0.50000000000000    0.28571428571428             1
   -0.33333333333334    0.50000000000000    0.28571428571428             1
   -0.25000000000000    0.50000000000000    0.28571428571428             1
   -0.16666666666666    0.50000000000000    0.28571428571428             1
   -0.08333333333334    0.50000000000000    0.28571428571428             1
    0.00000000000000   -0.37500000000000    0.28571428571428             1
    0.08333333333334   -0.37500000000000    0.28571428571428             1
    0.16666666666666   -0.37500000000000    0.28571428571428             1
    0.25000000000000   -0.37500000000000    0.28571428571428             1
    0.33333333333334   -0.37500000000000    0.28571428571428             1
    0.41666666666666   -0.37500000000000    0.28571428571428             1
    0.50000000000000   -0.37500000000000    0.28571428571428             1
   -0.41666666666666   -0.37500000000000    0.28571428571428             1
   -0.33333333333334   -0.37500000000000    0.28571428571428             1
   -0.25000000000000   -0.37500000000000    0.28571428571428             1
   -0.16666666666666   -0.37500000000000    0.28571428571428             1
   -0.08333333333334   -0.37500000000000    0.28571428571428             1
    0.00000000000000   -0.25000000000000    0.28571428571428             1
    0.08333333333334   -0.25000000000000    0.28571428571428             1
    0.16666666666666   -0.25000000000000    0.28571428571428             1
    0.25000000000000   -0.25000000000000    0.28571428571428             1
    0.33333333333334   -0.25000000000000    0.28571428571428             1
    0.41666666666666   -0.25000000000000    0.28571428571428             1
    0.50000000000000   -0.25000000000000    0.28571428571428             1
   -0.41666666666666   -0.25000000000000    0.28571428571428             1
   -0.33333333333334   -0.25000000000000    0.28571428571428             1
   -0.25000000000000   -0.25000000000000    0.28571428571428             1
   -0.16666666666666   -0.25000000000000    0.28571428571428             1
   -0.08333333333334   -0.25000000000000    0.28571428571428             1
    0.00000000000000   -0.12500000000000    0.28571428571428             1
    0.08333333333334   -0.12500000000000    0.28571428571428             1
    0.16666666666666   -0.12500000000000    0.28571428571428             1
    0.25000000000000   -0.12500000000000    0.28571428571428             1
    0.33333333333334   -0.12500000000000    0.28571428571428             1
    0.41666666666666   -0.12500000000000    0.28571428571428             1
    0.50000000000000   -0.12500000000000    0.28571428571428             1
   -0.41666666666666   -0.12500000000000    0.28571428571428             1
   -0.33333333333334   -0.12500000000000    0.28571428571428             1
   -0.25000000000000   -0.12500000000000    0.28571428571428             1
   -0.16666666666666   -0.12500000000000    0.28571428571428             1
   -0.08333333333334   -0.12500000000000    0.28571428571428             1
    0.00000000000000    0.00000000000000    0.42857142857143             1
    0.08333333333334    0.00000000000000    0.42857142857143             1
    0.16666666666666    0.00000000000000    0.42857142857143             1
    0.25000000000000    0.00000000000000    0.42857142857143             1
    0.33333333333334    0.00000000000000    0.42857142857143             1
    0.41666666666666    0.00000000000000    0.42857142857143             1
    0.50000000000000    0.00000000000000    0.42857142857143             1
   -0.41666666666666    0.00000000000000    0.42857142857143             1
   -0.33333333333334    0.00000000000000    0.42857142857143             1
   -0.25000000000000    0.00000000000000    0.42857142857143             1
   -0.16666666666666    0.00000000000000    0.42857142857143             1
   -0.08333333333334    0.00000000000000    0.42857142857143             1
    0.00000000000000    0.12500000000000    0.42857142857143             1
    0.08333333333334    0.12500000000000    0.42857142857143             1
    0.16666666666666    0.12500000000000    0.42857142857143             1
    0.25000000000000    0.12500000000000    0.42857142857143             1
    0.33333333333334    0.12500000000000    0.42857142857143             1
    0.41666666666666    0.12500000000000    0.42857142857143             1
    0.50000000000000    0.12500000000000    0.42857142857143             1
   -0.41666666666666    0.12500000000000    0.42857142857143             1
   -0.33333333333334    0.12500000000000    0.42857142857143             1
   -0.25000000000000    0.12500000000000    0.42857142857143             1
   -0.16666666666666    0.12500000000000    0.42857142857143             1
   -0.08333333333334    0.12500000000000    0.42857142857143             1
    0.00000000000000    0.25000000000000    0.42857142857143             1
    0.08333333333334    0.25000000000000    0.42857142857143             1
    0.16666666666666    0.25000000000000    0.42857142857143             1
    0.25000000000000    0.25000000000000    0.42857142857143             1
    0.33333333333334    0.25000000000000    0.42857142857143             1
    0.41666666666666    0.25000000000000    0.42857142857143             1
    0.50000000000000    0.25000000000000    0.42857142857143             1
   -0.41666666666666    0.25000000000000    0.42857142857143             1
   -0.33333333333334    0.25000000000000    0.42857142857143             1
   -0.25000000000000    0.25000000000000    0.42857142857143             1
   -0.16666666666666    0.25000000000000    0.42857142857143             1
   -0.08333333333334    0.25000000000000    0.42857142857143             1
    0.00000000000000    0.37500000000000    0.42857142857143             1
    0.08333333333334    0.37500000000000    0.42857142857143             1
    0.16666666666666    0.37500000000000    0.42857142857143             1
    0.25000000000000    0.37500000000000    0.42857142857143             1
    0.33333333333334    0.37500000000000    0.42857142857143             1
    0.41666666666666    0.37500000000000    0.42857142857143             1
    0.50000000000000    0.37500000000000    0.42857142857143             1
   -0.41666666666666    0.37500000000000    0.42857142857143             1
   -0.33333333333334    0.37500000000000    0.42857142857143             1
   -0.25000000000000    0.37500000000000    0.42857142857143             1
   -0.16666666666666    0.37500000000000    0.42857142857143             1
   -0.08333333333334    0.37500000000000    0.42857142857143             1
    0.00000000000000    0.50000000000000    0.42857142857143             1
    0.08333333333334    0.50000000000000    0.42857142857143             1
    0.16666666666666    0.50000000000000    0.42857142857143             1
    0.25000000000000    0.50000000000000    0.42857142857143             1
    0.33333333333334    0.50000000000000    0.42857142857143             1
    0.41666666666666    0.50000000000000    0.42857142857143             1
    0.50000000000000    0.50000000000000    0.42857142857143             1
   -0.41666666666666    0.50000000000000    0.42857142857143             1
   -0.33333333333334    0.50000000000000    0.42857142857143             1
   -0.25000000000000    0.50000000000000    0.42857142857143             1
   -0.16666666666666    0.50000000000000    0.42857142857143             1
   -0.08333333333334    0.50000000000000    0.42857142857143             1
    0.00000000000000   -0.37500000000000    0.42857142857143             1
    0.08333333333334   -0.37500000000000    0.42857142857143             1
    0.16666666666666   -0.37500000000000    0.42857142857143             1
    0.25000000000000   -0.37500000000000    0.42857142857143             1
    0.33333333333334   -0.37500000000000    0.42857142857143             1
    0.41666666666666   -0.37500000000000    0.42857142857143             1
    0.50000000000000   -0.37500000000000    0.42857142857143             1
   -0.41666666666666   -0.37500000000000    0.42857142857143             1
   -0.33333333333334   -0.37500000000000    0.42857142857143             1
   -0.25000000000000   -0.37500000000000    0.42857142857143             1
   -0.16666666666666   -0.37500000000000    0.42857142857143             1
   -0.08333333333334   -0.37500000000000    0.42857142857143             1
    0.00000000000000   -0.25000000000000    0.42857142857143             1
    0.08333333333334   -0.25000000000000    0.42857142857143             1
    0.16666666666666   -0.25000000000000    0.42857142857143             1
    0.25000000000000   -0.25000000000000    0.42857142857143             1
    0.33333333333334   -0.25000000000000    0.42857142857143             1
    0.41666666666666   -0.25000000000000    0.42857142857143             1
    0.50000000000000   -0.25000000000000    0.42857142857143             1
   -0.41666666666666   -0.25000000000000    0.42857142857143             1
   -0.33333333333334   -0.25000000000000    0.42857142857143             1
   -0.25000000000000   -0.25000000000000    0.42857142857143             1
   -0.16666666666666   -0.25000000000000    0.42857142857143             1
   -0.08333333333334   -0.25000000000000    0.42857142857143             1
    0.00000000000000   -0.12500000000000    0.42857142857143             1
    0.08333333333334   -0.12500000000000    0.42857142857143             1
    0.16666666666666   -0.12500000000000    0.42857142857143             1
    0.25000000000000   -0.12500000000000    0.42857142857143             1
    0.33333333333334   -0.12500000000000    0.42857142857143             1
    0.41666666666666   -0.12500000000000    0.42857142857143             1
    0.50000000000000   -0.12500000000000    0.42857142857143             1
   -0.41666666666666   -0.12500000000000    0.42857142857143             1
   -0.33333333333334   -0.12500000000000    0.42857142857143             1
   -0.25000000000000   -0.12500000000000    0.42857142857143             1
   -0.16666666666666   -0.12500000000000    0.42857142857143             1
   -0.08333333333334   -0.12500000000000    0.42857142857143             1
   -0.00000000000000   -0.00000000000000   -0.42857142857143             1
    0.08333333333334    0.00000000000000   -0.42857142857143             1
    0.16666666666666    0.00000000000000   -0.42857142857143             1
    0.25000000000000    0.00000000000000   -0.42857142857143             1
    0.33333333333334   -0.00000000000000   -0.42857142857143             1
    0.41666666666666    0.00000000000000   -0.42857142857143             1
    0.50000000000000    0.00000000000000   -0.42857142857143             1
   -0.41666666666666   -0.00000000000000   -0.42857142857143             1
   -0.33333333333334   -0.00000000000000   -0.42857142857143             1
   -0.25000000000000   -0.00000000000000   -0.42857142857143             1
   -0.16666666666666   -0.00000000000000   -0.42857142857143             1
   -0.08333333333334   -0.00000000000000   -0.42857142857143             1
   -0.00000000000000    0.12500000000000   -0.42857142857143             1
    0.08333333333334    0.12500000000000   -0.42857142857143             1
    0.16666666666666    0.12500000000000   -0.42857142857143             1
    0.25000000000000    0.12500000000000   -0.42857142857143             1
    0.33333333333334    0.12500000000000   -0.42857142857143             1
    0.41666666666666    0.12500000000000   -0.42857142857143             1
    0.50000000000000    0.12500000000000   -0.42857142857143             1
   -0.41666666666666    0.12500000000000   -0.42857142857143             1
   -0.33333333333334    0.12500000000000   -0.42857142857143             1
   -0.25000000000000    0.12500000000000   -0.42857142857143             1
   -0.16666666666666    0.12500000000000   -0.42857142857143             1
   -0.08333333333334    0.12500000000000   -0.42857142857143             1
   -0.00000000000000    0.25000000000000   -0.42857142857143             1
    0.08333333333334    0.25000000000000   -0.42857142857143             1
    0.16666666666666    0.25000000000000   -0.42857142857143             1
    0.25000000000000    0.25000000000000   -0.42857142857143             1
    0.33333333333334    0.25000000000000   -0.42857142857143             1
    0.41666666666666    0.25000000000000   -0.42857142857143             1
    0.50000000000000    0.25000000000000   -0.42857142857143             1
   -0.41666666666666    0.25000000000000   -0.42857142857143             1
   -0.33333333333334    0.25000000000000   -0.42857142857143             1
   -0.25000000000000    0.25000000000000   -0.42857142857143             1
   -0.16666666666666    0.25000000000000   -0.42857142857143             1
   -0.08333333333334    0.25000000000000   -0.42857142857143             1
   -0.00000000000000    0.37500000000000   -0.42857142857143             1
    0.08333333333334    0.37500000000000   -0.42857142857143             1
    0.16666666666666    0.37500000000000   -0.42857142857143             1
    0.25000000000000    0.37500000000000   -0.42857142857143             1
    0.33333333333334    0.37500000000000   -0.42857142857143             1
    0.41666666666666    0.37500000000000   -0.42857142857143             1
    0.50000000000000    0.37500000000000   -0.42857142857143             1
   -0.41666666666666    0.37500000000000   -0.42857142857143             1
   -0.33333333333334    0.37500000000000   -0.42857142857143             1
   -0.25000000000000    0.37500000000000   -0.42857142857143             1
   -0.16666666666666    0.37500000000000   -0.42857142857143             1
   -0.08333333333334    0.37500000000000   -0.42857142857143             1
   -0.00000000000000    0.50000000000000   -0.42857142857143             1
    0.08333333333334    0.50000000000000   -0.42857142857143             1
    0.16666666666666    0.50000000000000   -0.42857142857143             1
    0.25000000000000    0.50000000000000   -0.42857142857143             1
    0.33333333333334    0.50000000000000   -0.42857142857143             1
    0.41666666666666    0.50000000000000   -0.42857142857143             1
    0.50000000000000    0.50000000000000   -0.42857142857143             1
   -0.41666666666666    0.50000000000000   -0.42857142857143             1
   -0.33333333333334    0.50000000000000   -0.42857142857143             1
   -0.25000000000000    0.50000000000000   -0.42857142857143             1
   -0.16666666666666    0.50000000000000   -0.42857142857143             1
   -0.08333333333334    0.50000000000000   -0.42857142857143             1
   -0.00000000000000   -0.37500000000000   -0.42857142857143             1
    0.08333333333334   -0.37500000000000   -0.42857142857143             1
    0.16666666666666   -0.37500000000000   -0.42857142857143             1
    0.25000000000000   -0.37500000000000   -0.42857142857143             1
    0.33333333333334   -0.37500000000000   -0.42857142857143             1
    0.41666666666666   -0.37500000000000   -0.42857142857143             1
    0.50000000000000   -0.37500000000000   -0.42857142857143             1
   -0.41666666666666   -0.37500000000000   -0.42857142857143             1
   -0.33333333333334   -0.37500000000000   -0.42857142857143             1
   -0.25000000000000   -0.37500000000000   -0.42857142857143             1
   -0.16666666666666   -0.37500000000000   -0.42857142857143             1
   -0.08333333333334   -0.37500000000000   -0.42857142857143             1
   -0.00000000000000   -0.25000000000000   -0.42857142857143             1
    0.08333333333334   -0.25000000000000   -0.42857142857143             1
    0.16666666666666   -0.25000000000000   -0.42857142857143             1
    0.25000000000000   -0.25000000000000   -0.42857142857143             1
    0.33333333333334   -0.25000000000000   -0.42857142857143             1
    0.41666666666666   -0.25000000000000   -0.42857142857143             1
    0.50000000000000   -0.25000000000000   -0.42857142857143             1
   -0.41666666666666   -0.25000000000000   -0.42857142857143             1
   -0.33333333333334   -0.25000000000000   -0.42857142857143             1
   -0.25000000000000   -0.25000000000000   -0.42857142857143             1
   -0.16666666666666   -0.25000000000000   -0.42857142857143             1
   -0.08333333333334   -0.25000000000000   -0.42857142857143             1
   -0.00000000000000   -0.12500000000000   -0.42857142857143             1
    0.08333333333334   -0.12500000000000   -0.42857142857143             1
    0.16666666666666   -0.12500000000000   -0.42857142857143             1
    0.25000000000000   -0.12500000000000   -0.42857142857143             1
    0.33333333333334   -0.12500000000000   -0.42857142857143             1
    0.41666666666666   -0.12500000000000   -0.42857142857143             1
    0.50000000000000   -0.12500000000000   -0.42857142857143             1
   -0.41666666666666   -0.12500000000000   -0.42857142857143             1
   -0.33333333333334   -0.12500000000000   -0.42857142857143             1
   -0.25000000000000   -0.12500000000000   -0.42857142857143             1
   -0.16666666666666   -0.12500000000000   -0.42857142857143             1
   -0.08333333333334   -0.12500000000000   -0.42857142857143             1
   -0.00000000000000    0.00000000000000   -0.28571428571428             1
    0.08333333333334   -0.00000000000000   -0.28571428571428             1
    0.16666666666666    0.00000000000000   -0.28571428571428             1
    0.25000000000000   -0.00000000000000   -0.28571428571428             1
    0.33333333333334   -0.00000000000000   -0.28571428571428             1
    0.41666666666666    0.00000000000000   -0.28571428571428             1
    0.50000000000000   -0.00000000000000   -0.28571428571428             1
   -0.41666666666666   -0.00000000000000   -0.28571428571428             1
   -0.33333333333334   -0.00000000000000   -0.28571428571428             1
   -0.25000000000000   -0.00000000000000   -0.28571428571428             1
   -0.16666666666666   -0.00000000000000   -0.28571428571428             1
   -0.08333333333334    0.00000000000000   -0.28571428571428             1
    0.00000000000000    0.12500000000000   -0.28571428571428             1
    0.08333333333334    0.12500000000000   -0.28571428571428             1
    0.16666666666666    0.12500000000000   -0.28571428571428             1
    0.25000000000000    0.12500000000000   -0.28571428571428             1
    0.33333333333334    0.12500000000000   -0.28571428571428             1
    0.41666666666666    0.12500000000000   -0.28571428571428             1
    0.50000000000000    0.12500000000000   -0.28571428571428             1
   -0.41666666666666    0.12500000000000   -0.28571428571428             1
   -0.33333333333334    0.12500000000000   -0.28571428571428             1
   -0.25000000000000    0.12500000000000   -0.28571428571428             1
   -0.16666666666666    0.12500000000000   -0.28571428571428             1
   -0.08333333333334    0.12500000000000   -0.28571428571428             1
   -0.00000000000000    0.25000000000000   -0.28571428571428             1
    0.08333333333334    0.25000000000000   -0.28571428571428             1
    0.16666666666666    0.25000000000000   -0.28571428571428             1
    0.25000000000000    0.25000000000000   -0.28571428571428             1
    0.33333333333334    0.25000000000000   -0.28571428571428             1
    0.41666666666666    0.25000000000000   -0.28571428571428             1
    0.50000000000000    0.25000000000000   -0.28571428571428             1
   -0.41666666666666    0.25000000000000   -0.28571428571428             1
   -0.33333333333334    0.25000000000000   -0.28571428571428             1
   -0.25000000000000    0.25000000000000   -0.28571428571428             1
   -0.16666666666666    0.25000000000000   -0.28571428571428             1
   -0.08333333333334    0.25000000000000   -0.28571428571428             1
   -0.00000000000000    0.37500000000000   -0.28571428571428             1
    0.08333333333334    0.37500000000000   -0.28571428571428             1
    0.16666666666666    0.37500000000000   -0.28571428571428             1
    0.25000000000000    0.37500000000000   -0.28571428571428             1
    0.33333333333334    0.37500000000000   -0.28571428571428             1
    0.41666666666666    0.37500000000000   -0.28571428571428             1
    0.50000000000000    0.37500000000000   -0.28571428571428             1
   -0.41666666666666    0.37500000000000   -0.28571428571428             1
   -0.33333333333334    0.37500000000000   -0.28571428571428             1
   -0.25000000000000    0.37500000000000   -0.28571428571428             1
   -0.16666666666666    0.37500000000000   -0.28571428571428             1
   -0.08333333333334    0.37500000000000   -0.28571428571428             1
   -0.00000000000000    0.50000000000000   -0.28571428571428             1
    0.08333333333334    0.50000000000000   -0.28571428571428             1
    0.16666666666666    0.50000000000000   -0.28571428571428             1
    0.25000000000000    0.50000000000000   -0.28571428571428             1
    0.33333333333334    0.50000000000000   -0.28571428571428             1
    0.41666666666666    0.50000000000000   -0.28571428571428             1
    0.50000000000000    0.50000000000000   -0.28571428571428             1
   -0.41666666666666    0.50000000000000   -0.28571428571428             1
   -0.33333333333334    0.50000000000000   -0.28571428571428             1
   -0.25000000000000    0.50000000000000   -0.28571428571428             1
   -0.16666666666666    0.50000000000000   -0.28571428571428             1
   -0.08333333333334    0.50000000000000   -0.28571428571428             1
   -0.00000000000000   -0.37500000000000   -0.28571428571428             1
    0.08333333333334   -0.37500000000000   -0.28571428571428             1
    0.16666666666666   -0.37500000000000   -0.28571428571428             1
    0.25000000000000   -0.37500000000000   -0.28571428571428             1
    0.33333333333334   -0.37500000000000   -0.28571428571428             1
    0.41666666666666   -0.37500000000000   -0.28571428571428             1
    0.50000000000000   -0.37500000000000   -0.28571428571428             1
   -0.41666666666666   -0.37500000000000   -0.28571428571428             1
   -0.33333333333334   -0.37500000000000   -0.28571428571428             1
   -0.25000000000000   -0.37500000000000   -0.28571428571428             1
   -0.16666666666666   -0.37500000000000   -0.28571428571428             1
   -0.08333333333334   -0.37500000000000   -0.28571428571428             1
    0.00000000000000   -0.25000000000000   -0.28571428571428             1
    0.08333333333334   -0.25000000000000   -0.28571428571428             1
    0.16666666666666   -0.25000000000000   -0.28571428571428             1
    0.25000000000000   -0.25000000000000   -0.28571428571428             1
    0.33333333333334   -0.25000000000000   -0.28571428571428             1
    0.41666666666666   -0.25000000000000   -0.28571428571428             1
    0.50000000000000   -0.25000000000000   -0.28571428571428             1
   -0.41666666666666   -0.25000000000000   -0.28571428571428             1
   -0.33333333333334   -0.25000000000000   -0.28571428571428             1
   -0.25000000000000   -0.25000000000000   -0.28571428571428             1
   -0.16666666666666   -0.25000000000000   -0.28571428571428             1
   -0.08333333333334   -0.25000000000000   -0.28571428571428             1
   -0.00000000000000   -0.12500000000000   -0.28571428571428             1
    0.08333333333334   -0.12500000000000   -0.28571428571428             1
    0.16666666666666   -0.12500000000000   -0.28571428571428             1
    0.25000000000000   -0.12500000000000   -0.28571428571428             1
    0.33333333333334   -0.12500000000000   -0.28571428571428             1
    0.41666666666666   -0.12500000000000   -0.28571428571428             1
    0.50000000000000   -0.12500000000000   -0.28571428571428             1
   -0.41666666666666   -0.12500000000000   -0.28571428571428             1
   -0.33333333333334   -0.12500000000000   -0.28571428571428             1
   -0.25000000000000   -0.12500000000000   -0.28571428571428             1
   -0.16666666666666   -0.12500000000000   -0.28571428571428             1
   -0.08333333333334   -0.12500000000000   -0.28571428571428             1
   -0.00000000000000   -0.00000000000000   -0.14285714285715             1
    0.08333333333334    0.00000000000000   -0.14285714285715             1
    0.16666666666666    0.00000000000000   -0.14285714285715             1
    0.25000000000000   -0.00000000000000   -0.14285714285715             1
    0.33333333333334    0.00000000000000   -0.14285714285715             1
    0.41666666666666    0.00000000000000   -0.14285714285715             1
    0.50000000000000    0.00000000000000   -0.14285714285715             1
   -0.41666666666666   -0.00000000000000   -0.14285714285715             1
   -0.33333333333334    0.00000000000000   -0.14285714285715             1
   -0.25000000000000   -0.00000000000000   -0.14285714285715             1
   -0.16666666666666   -0.00000000000000   -0.14285714285715             1
   -0.08333333333334   -0.00000000000000   -0.14285714285715             1
   -0.00000000000000    0.12500000000000   -0.14285714285715             1
    0.08333333333334    0.12500000000000   -0.14285714285715             1
    0.16666666666666    0.12500000000000   -0.14285714285715             1
    0.25000000000000    0.12500000000000   -0.14285714285715             1
    0.33333333333334    0.12500000000000   -0.14285714285715             1
    0.41666666666666    0.12500000000000   -0.14285714285715             1
    0.50000000000000    0.12500000000000   -0.14285714285715             1
   -0.41666666666666    0.12500000000000   -0.14285714285715             1
   -0.33333333333334    0.12500000000000   -0.14285714285715             1
   -0.25000000000000    0.12500000000000   -0.14285714285715             1
   -0.16666666666666    0.12500000000000   -0.14285714285715             1
   -0.08333333333334    0.12500000000000   -0.14285714285715             1
    0.00000000000000    0.25000000000000   -0.14285714285715             1
    0.08333333333334    0.25000000000000   -0.14285714285715             1
    0.16666666666666    0.25000000000000   -0.14285714285715             1
    0.25000000000000    0.25000000000000   -0.14285714285715             1
    0.33333333333334    0.25000000000000   -0.14285714285715             1
    0.41666666666666    0.25000000000000   -0.14285714285715             1
    0.50000000000000    0.25000000000000   -0.14285714285715             1
   -0.41666666666666    0.25000000000000   -0.14285714285715             1
   -0.33333333333334    0.25000000000000   -0.14285714285715             1
   -0.25000000000000    0.25000000000000   -0.14285714285715             1
   -0.16666666666666    0.25000000000000   -0.14285714285715             1
   -0.08333333333334    0.25000000000000   -0.14285714285715             1
   -0.00000000000000    0.37500000000000   -0.14285714285715             1
    0.08333333333334    0.37500000000000   -0.14285714285715             1
    0.16666666666666    0.37500000000000   -0.14285714285715             1
    0.25000000000000    0.37500000000000   -0.14285714285715             1
    0.33333333333334    0.37500000000000   -0.14285714285715             1
    0.41666666666666    0.37500000000000   -0.14285714285715             1
    0.50000000000000    0.37500000000000   -0.14285714285715             1
   -0.41666666666666    0.37500000000000   -0.14285714285715             1
   -0.33333333333334    0.37500000000000   -0.14285714285715             1
   -0.25000000000000    0.37500000000000   -0.14285714285715             1
   -0.16666666666666    0.37500000000000   -0.14285714285715             1
   -0.08333333333334    0.37500000000000   -0.14285714285715             1
   -0.00000000000000    0.50000000000000   -0.14285714285715             1
    0.08333333333334    0.50000000000000   -0.14285714285715             1
    0.16666666666666    0.50000000000000   -0.14285714285715             1
    0.25000000000000    0.50000000000000   -0.14285714285715             1
    0.33333333333334    0.50000000000000   -0.14285714285715             1
    0.41666666666666    0.50000000000000   -0.14285714285715             1
    0.50000000000000    0.50000000000000   -0.14285714285715             1
   -0.41666666666666    0.50000000000000   -0.14285714285715             1
   -0.33333333333334    0.50000000000000   -0.14285714285715             1
   -0.25000000000000    0.50000000000000   -0.14285714285715             1
   -0.16666666666666    0.50000000000000   -0.14285714285715             1
   -0.08333333333334    0.50000000000000   -0.14285714285715             1
    0.00000000000000   -0.37500000000000   -0.14285714285715             1
    0.08333333333334   -0.37500000000000   -0.14285714285715             1
    0.16666666666666   -0.37500000000000   -0.14285714285715             1
    0.25000000000000   -0.37500000000000   -0.14285714285715             1
    0.33333333333334   -0.37500000000000   -0.14285714285715             1
    0.41666666666666   -0.37500000000000   -0.14285714285715             1
    0.50000000000000   -0.37500000000000   -0.14285714285715             1
   -0.41666666666666   -0.37500000000000   -0.14285714285715             1
   -0.33333333333334   -0.37500000000000   -0.14285714285715             1
   -0.25000000000000   -0.37500000000000   -0.14285714285715             1
   -0.16666666666666   -0.37500000000000   -0.14285714285715             1
   -0.08333333333334   -0.37500000000000   -0.14285714285715             1
   -0.00000000000000   -0.25000000000000   -0.14285714285715             1
    0.08333333333334   -0.25000000000000   -0.14285714285715             1
    0.16666666666666   -0.25000000000000   -0.14285714285715             1
    0.25000000000000   -0.25000000000000   -0.14285714285715             1
    0.33333333333334   -0.25000000000000   -0.14285714285715             1
    0.41666666666666   -0.25000000000000   -0.14285714285715             1
    0.50000000000000   -0.25000000000000   -0.14285714285715             1
   -0.41666666666666   -0.25000000000000   -0.14285714285715             1
   -0.33333333333334   -0.25000000000000   -0.14285714285715             1
   -0.25000000000000   -0.25000000000000   -0.14285714285715             1
   -0.16666666666666   -0.25000000000000   -0.14285714285715             1
   -0.08333333333334   -0.25000000000000   -0.14285714285715             1
    0.00000000000000   -0.12500000000000   -0.14285714285715             1
    0.08333333333334   -0.12500000000000   -0.14285714285715             1
    0.16666666666666   -0.12500000000000   -0.14285714285715             1
    0.25000000000000   -0.12500000000000   -0.14285714285715             1
    0.33333333333334   -0.12500000000000   -0.14285714285715             1
    0.41666666666666   -0.12500000000000   -0.14285714285715             1
    0.50000000000000   -0.12500000000000   -0.14285714285715             1
   -0.41666666666666   -0.12500000000000   -0.14285714285715             1
   -0.33333333333334   -0.12500000000000   -0.14285714285715             1
   -0.25000000000000   -0.12500000000000   -0.14285714285715             1
   -0.16666666666666   -0.12500000000000   -0.14285714285715             1
   -0.08333333333334   -0.12500000000000   -0.14285714285715             1
