Automatically generated mesh
      64
Reciprocal lattice
    0.12500000000000    0.12500000000000    0.12500000000000             1
    0.37500000000000    0.12500000000000    0.12500000000000             1
   -0.37500000000000    0.12500000000000    0.12500000000000             1
   -0.12500000000000    0.12500000000000    0.12500000000000             1
    0.12500000000000    0.37500000000000    0.12500000000000             1
    0.37500000000000    0.37500000000000    0.12500000000000             1
   -0.37500000000000    0.37500000000000    0.12500000000000             1
   -0.12500000000000    0.37500000000000    0.12500000000000             1
    0.12500000000000   -0.37500000000000    0.12500000000000             1
    0.37500000000000   -0.37500000000000    0.12500000000000             1
   -0.37500000000000   -0.37500000000000    0.12500000000000             1
   -0.12500000000000   -0.37500000000000    0.12500000000000             1
    0.12500000000000   -0.12500000000000    0.12500000000000             1
    0.37500000000000   -0.12500000000000    0.12500000000000             1
   -0.37500000000000   -0.12500000000000    0.12500000000000             1
   -0.12500000000000   -0.12500000000000    0.12500000000000             1
    0.12500000000000    0.12500000000000    0.37500000000000             1
    0.37500000000000    0.12500000000000    0.37500000000000             1
   -0.37500000000000    0.12500000000000    0.37500000000000             1
   -0.12500000000000    0.12500000000000    0.37500000000000             1
    0.12500000000000    0.37500000000000    0.37500000000000             1
    0.37500000000000    0.37500000000000    0.37500000000000             1
   -0.37500000000000    0.37500000000000    0.37500000000000             1
   -0.12500000000000    0.37500000000000    0.37500000000000             1
    0.12500000000000   -0.37500000000000    0.37500000000000             1
    0.37500000000000   -0.37500000000000    0.37500000000000             1
   -0.37500000000000   -0.37500000000000    0.37500000000000             1
   -0.12500000000000   -0.37500000000000    0.37500000000000             1
    0.12500000000000   -0.12500000000000    0.37500000000000             1
    0.37500000000000   -0.12500000000000    0.37500000000000             1
   -0.37500000000000   -0.12500000000000    0.37500000000000             1
   -0.12500000000000   -0.12500000000000    0.37500000000000             1
    0.12500000000000    0.12500000000000   -0.37500000000000             1
    0.37500000000000    0.12500000000000   -0.37500000000000             1
   -0.37500000000000    0.12500000000000   -0.37500000000000             1
   -0.12500000000000    0.12500000000000   -0.37500000000000             1
    0.12500000000000    0.37500000000000   -0.37500000000000             1
    0.37500000000000    0.37500000000000   -0.37500000000000             1
   -0.37500000000000    0.37500000000000   -0.37500000000000             1
   -0.12500000000000    0.37500000000000   -0.37500000000000             1
    0.12500000000000   -0.37500000000000   -0.37500000000000             1
    0.37500000000000   -0.37500000000000   -0.37500000000000             1
   -0.37500000000000   -0.37500000000000   -0.37500000000000             1
   -0.12500000000000   -0.37500000000000   -0.37500000000000             1
    0.12500000000000   -0.12500000000000   -0.37500000000000             1
    0.37500000000000   -0.12500000000000   -0.37500000000000             1
   -0.37500000000000   -0.12500000000000   -0.37500000000000             1
   -0.12500000000000   -0.12500000000000   -0.37500000000000             1
    0.12500000000000    0.12500000000000   -0.12500000000000             1
    0.37500000000000    0.12500000000000   -0.12500000000000             1
   -0.37500000000000    0.12500000000000   -0.12500000000000             1
   -0.12500000000000    0.12500000000000   -0.12500000000000             1
    0.12500000000000    0.37500000000000   -0.12500000000000             1
    0.37500000000000    0.37500000000000   -0.12500000000000             1
   -0.37500000000000    0.37500000000000   -0.12500000000000             1
   -0.12500000000000    0.37500000000000   -0.12500000000000             1
    0.12500000000000   -0.37500000000000   -0.12500000000000             1
    0.37500000000000   -0.37500000000000   -0.12500000000000             1
   -0.37500000000000   -0.37500000000000   -0.12500000000000             1
   -0.12500000000000   -0.37500000000000   -0.12500000000000             1
    0.12500000000000   -0.12500000000000   -0.12500000000000             1
    0.37500000000000   -0.12500000000000   -0.12500000000000             1
   -0.37500000000000   -0.12500000000000   -0.12500000000000             1
   -0.12500000000000   -0.12500000000000   -0.12500000000000             1
