Automatically generated mesh
    1331
Reciprocal lattice
    0.00000000000000    0.00000000000000    0.00000000000000             1
    0.09090909090909   -0.00000000000000    0.00000000000000             1
    0.18181818181818   -0.00000000000000    0.00000000000000             1
    0.27272727272727    0.00000000000000    0.00000000000000             1
    0.36363636363637   -0.00000000000000   -0.00000000000000             1
    0.45454545454545   -0.00000000000000    0.00000000000000             1
   -0.45454545454545    0.00000000000000    0.00000000000000             1
   -0.36363636363637    0.00000000000000    0.00000000000000             1
   -0.27272727272727   -0.00000000000000   -0.00000000000000             1
   -0.18181818181818    0.00000000000000   -0.00000000000000             1
   -0.09090909090909    0.00000000000000   -0.00000000000000             1
    0.00000000000000    0.09090909090909    0.00000000000000             1
    0.09090909090909    0.09090909090909    0.00000000000000             1
    0.18181818181818    0.09090909090909    0.00000000000000             1
    0.27272727272727    0.09090909090909    0.00000000000000             1
    0.36363636363637    0.09090909090909   -0.00000000000000             1
    0.45454545454545    0.09090909090909    0.00000000000000             1
   -0.45454545454545    0.09090909090909    0.00000000000000             1
   -0.36363636363637    0.09090909090909    0.00000000000000             1
   -0.27272727272727    0.09090909090909   -0.00000000000000             1
   -0.18181818181818    0.09090909090909   -0.00000000000000             1
   -0.09090909090909    0.09090909090909   -0.00000000000000             1
    0.00000000000000    0.18181818181818    0.00000000000000             1
    0.09090909090909    0.18181818181818    0.00000000000000             1
    0.18181818181818    0.18181818181818    0.00000000000000             1
    0.27272727272727    0.18181818181818    0.00000000000000             1
    0.36363636363637    0.18181818181818   -0.00000000000000             1
    0.45454545454545    0.18181818181818    0.00000000000000             1
   -0.45454545454545    0.18181818181818    0.00000000000000             1
   -0.36363636363637    0.18181818181818    0.00000000000000             1
   -0.27272727272727    0.18181818181818   -0.00000000000000             1
   -0.18181818181818    0.18181818181818   -0.00000000000000             1
   -0.09090909090909    0.18181818181818   -0.00000000000000             1
    0.00000000000000    0.27272727272727    0.00000000000000             1
    0.09090909090909    0.27272727272727    0.00000000000000             1
    0.18181818181818    0.27272727272727    0.00000000000000             1
    0.27272727272727    0.27272727272727    0.00000000000000             1
    0.36363636363637    0.27272727272727   -0.00000000000000             1
    0.45454545454545    0.27272727272727    0.00000000000000             1
   -0.45454545454545    0.27272727272727    0.00000000000000             1
   -0.36363636363637    0.27272727272727    0.00000000000000             1
   -0.27272727272727    0.27272727272727   -0.00000000000000             1
   -0.18181818181818    0.27272727272727   -0.00000000000000             1
   -0.09090909090909    0.27272727272727   -0.00000000000000             1
    0.00000000000000    0.36363636363637    0.00000000000000             1
    0.09090909090909    0.36363636363637    0.00000000000000             1
    0.18181818181818    0.36363636363637    0.00000000000000             1
    0.27272727272727    0.36363636363637    0.00000000000000             1
    0.36363636363637    0.36363636363637   -0.00000000000000             1
    0.45454545454545    0.36363636363637    0.00000000000000             1
   -0.45454545454545    0.36363636363637    0.00000000000000             1
   -0.36363636363637    0.36363636363637    0.00000000000000             1
   -0.27272727272727    0.36363636363637   -0.00000000000000             1
   -0.18181818181818    0.36363636363637   -0.00000000000000             1
   -0.09090909090909    0.36363636363637   -0.00000000000000             1
    0.00000000000000    0.45454545454545    0.00000000000000             1
    0.09090909090909    0.45454545454545    0.00000000000000             1
    0.18181818181818    0.45454545454545    0.00000000000000             1
    0.27272727272727    0.45454545454545    0.00000000000000             1
    0.36363636363637    0.45454545454545   -0.00000000000000             1
    0.45454545454545    0.45454545454545    0.00000000000000             1
   -0.45454545454545    0.45454545454545    0.00000000000000             1
   -0.36363636363637    0.45454545454545    0.00000000000000             1
   -0.27272727272727    0.45454545454545   -0.00000000000000             1
   -0.18181818181818    0.45454545454545   -0.00000000000000             1
   -0.09090909090909    0.45454545454545   -0.00000000000000             1
    0.00000000000000   -0.45454545454545    0.00000000000000             1
    0.09090909090909   -0.45454545454545    0.00000000000000             1
    0.18181818181818   -0.45454545454545    0.00000000000000             1
    0.27272727272727   -0.45454545454545    0.00000000000000             1
    0.36363636363637   -0.45454545454545   -0.00000000000000             1
    0.45454545454545   -0.45454545454545    0.00000000000000             1
   -0.45454545454545   -0.45454545454545    0.00000000000000             1
   -0.36363636363637   -0.45454545454545    0.00000000000000             1
   -0.27272727272727   -0.45454545454545   -0.00000000000000             1
   -0.18181818181818   -0.45454545454545   -0.00000000000000             1
   -0.09090909090909   -0.45454545454545   -0.00000000000000             1
    0.00000000000000   -0.36363636363637    0.00000000000000             1
    0.09090909090909   -0.36363636363637    0.00000000000000             1
    0.18181818181818   -0.36363636363637    0.00000000000000             1
    0.27272727272727   -0.36363636363637    0.00000000000000             1
    0.36363636363637   -0.36363636363637   -0.00000000000000             1
    0.45454545454545   -0.36363636363637    0.00000000000000             1
   -0.45454545454545   -0.36363636363637    0.00000000000000             1
   -0.36363636363637   -0.36363636363637    0.00000000000000             1
   -0.27272727272727   -0.36363636363637   -0.00000000000000             1
   -0.18181818181818   -0.36363636363637   -0.00000000000000             1
   -0.09090909090909   -0.36363636363637   -0.00000000000000             1
    0.00000000000000   -0.27272727272727    0.00000000000000             1
    0.09090909090909   -0.27272727272727    0.00000000000000             1
    0.18181818181818   -0.27272727272727    0.00000000000000             1
    0.27272727272727   -0.27272727272727    0.00000000000000             1
    0.36363636363637   -0.27272727272727   -0.00000000000000             1
    0.45454545454545   -0.27272727272727    0.00000000000000             1
   -0.45454545454545   -0.27272727272727    0.00000000000000             1
   -0.36363636363637   -0.27272727272727    0.00000000000000             1
   -0.27272727272727   -0.27272727272727   -0.00000000000000             1
   -0.18181818181818   -0.27272727272727   -0.00000000000000             1
   -0.09090909090909   -0.27272727272727   -0.00000000000000             1
    0.00000000000000   -0.18181818181818    0.00000000000000             1
    0.09090909090909   -0.18181818181818    0.00000000000000             1
    0.18181818181818   -0.18181818181818    0.00000000000000             1
    0.27272727272727   -0.18181818181818    0.00000000000000             1
    0.36363636363637   -0.18181818181818   -0.00000000000000             1
    0.45454545454545   -0.18181818181818    0.00000000000000             1
   -0.45454545454545   -0.18181818181818    0.00000000000000             1
   -0.36363636363637   -0.18181818181818    0.00000000000000             1
   -0.27272727272727   -0.18181818181818   -0.00000000000000             1
   -0.18181818181818   -0.18181818181818   -0.00000000000000             1
   -0.09090909090909   -0.18181818181818   -0.00000000000000             1
    0.00000000000000   -0.09090909090909    0.00000000000000             1
    0.09090909090909   -0.09090909090909    0.00000000000000             1
    0.18181818181818   -0.09090909090909    0.00000000000000             1
    0.27272727272727   -0.09090909090909    0.00000000000000             1
    0.36363636363637   -0.09090909090909   -0.00000000000000             1
    0.45454545454545   -0.09090909090909    0.00000000000000             1
   -0.45454545454545   -0.09090909090909    0.00000000000000             1
   -0.36363636363637   -0.09090909090909    0.00000000000000             1
   -0.27272727272727   -0.09090909090909   -0.00000000000000             1
   -0.18181818181818   -0.09090909090909   -0.00000000000000             1
   -0.09090909090909   -0.09090909090909   -0.00000000000000             1
    0.00000000000000   -0.00000000000000    0.09090909090909             1
    0.09090909090909   -0.00000000000000    0.09090909090909             1
    0.18181818181818   -0.00000000000000    0.09090909090909             1
    0.27272727272727   -0.00000000000000    0.09090909090909             1
    0.36363636363637   -0.00000000000000    0.09090909090909             1
    0.45454545454545    0.00000000000000    0.09090909090909             1
   -0.45454545454545    0.00000000000000    0.09090909090909             1
   -0.36363636363637    0.00000000000000    0.09090909090909             1
   -0.27272727272727    0.00000000000000    0.09090909090909             1
   -0.18181818181818    0.00000000000000    0.09090909090909             1
   -0.09090909090909    0.00000000000000    0.09090909090909             1
    0.00000000000000    0.09090909090909    0.09090909090909             1
    0.09090909090909    0.09090909090909    0.09090909090909             1
    0.18181818181818    0.09090909090909    0.09090909090909             1
    0.27272727272727    0.09090909090909    0.09090909090909             1
    0.36363636363637    0.09090909090909    0.09090909090909             1
    0.45454545454545    0.09090909090909    0.09090909090909             1
   -0.45454545454545    0.09090909090909    0.09090909090909             1
   -0.36363636363637    0.09090909090909    0.09090909090909             1
   -0.27272727272727    0.09090909090909    0.09090909090909             1
   -0.18181818181818    0.09090909090909    0.09090909090909             1
   -0.09090909090909    0.09090909090909    0.09090909090909             1
    0.00000000000000    0.18181818181818    0.09090909090909             1
    0.09090909090909    0.18181818181818    0.09090909090909             1
    0.18181818181818    0.18181818181818    0.09090909090909             1
    0.27272727272727    0.18181818181818    0.09090909090909             1
    0.36363636363637    0.18181818181818    0.09090909090909             1
    0.45454545454545    0.18181818181818    0.09090909090909             1
   -0.45454545454545    0.18181818181818    0.09090909090909             1
   -0.36363636363637    0.18181818181818    0.09090909090909             1
   -0.27272727272727    0.18181818181818    0.09090909090909             1
   -0.18181818181818    0.18181818181818    0.09090909090909             1
   -0.09090909090909    0.18181818181818    0.09090909090909             1
    0.00000000000000    0.27272727272727    0.09090909090909             1
    0.09090909090909    0.27272727272727    0.09090909090909             1
    0.18181818181818    0.27272727272727    0.09090909090909             1
    0.27272727272727    0.27272727272727    0.09090909090909             1
    0.36363636363637    0.27272727272727    0.09090909090909             1
    0.45454545454545    0.27272727272727    0.09090909090909             1
   -0.45454545454545    0.27272727272727    0.09090909090909             1
   -0.36363636363637    0.27272727272727    0.09090909090909             1
   -0.27272727272727    0.27272727272727    0.09090909090909             1
   -0.18181818181818    0.27272727272727    0.09090909090909             1
   -0.09090909090909    0.27272727272727    0.09090909090909             1
    0.00000000000000    0.36363636363637    0.09090909090909             1
    0.09090909090909    0.36363636363637    0.09090909090909             1
    0.18181818181818    0.36363636363637    0.09090909090909             1
    0.27272727272727    0.36363636363637    0.09090909090909             1
    0.36363636363637    0.36363636363637    0.09090909090909             1
    0.45454545454545    0.36363636363637    0.09090909090909             1
   -0.45454545454545    0.36363636363637    0.09090909090909             1
   -0.36363636363637    0.36363636363637    0.09090909090909             1
   -0.27272727272727    0.36363636363637    0.09090909090909             1
   -0.18181818181818    0.36363636363637    0.09090909090909             1
   -0.09090909090909    0.36363636363637    0.09090909090909             1
    0.00000000000000    0.45454545454545    0.09090909090909             1
    0.09090909090909    0.45454545454545    0.09090909090909             1
    0.18181818181818    0.45454545454545    0.09090909090909             1
    0.27272727272727    0.45454545454545    0.09090909090909             1
    0.36363636363637    0.45454545454545    0.09090909090909             1
    0.45454545454545    0.45454545454545    0.09090909090909             1
   -0.45454545454545    0.45454545454545    0.09090909090909             1
   -0.36363636363637    0.45454545454545    0.09090909090909             1
   -0.27272727272727    0.45454545454545    0.09090909090909             1
   -0.18181818181818    0.45454545454545    0.09090909090909             1
   -0.09090909090909    0.45454545454545    0.09090909090909             1
    0.00000000000000   -0.45454545454545    0.09090909090909             1
    0.09090909090909   -0.45454545454545    0.09090909090909             1
    0.18181818181818   -0.45454545454545    0.09090909090909             1
    0.27272727272727   -0.45454545454545    0.09090909090909             1
    0.36363636363637   -0.45454545454545    0.09090909090909             1
    0.45454545454545   -0.45454545454545    0.09090909090909             1
   -0.45454545454545   -0.45454545454545    0.09090909090909             1
   -0.36363636363637   -0.45454545454545    0.09090909090909             1
   -0.27272727272727   -0.45454545454545    0.09090909090909             1
   -0.18181818181818   -0.45454545454545    0.09090909090909             1
   -0.09090909090909   -0.45454545454545    0.09090909090909             1
    0.00000000000000   -0.36363636363637    0.09090909090909             1
    0.09090909090909   -0.36363636363637    0.09090909090909             1
    0.18181818181818   -0.36363636363637    0.09090909090909             1
    0.27272727272727   -0.36363636363637    0.09090909090909             1
    0.36363636363637   -0.36363636363637    0.09090909090909             1
    0.45454545454545   -0.36363636363637    0.09090909090909             1
   -0.45454545454545   -0.36363636363637    0.09090909090909             1
   -0.36363636363637   -0.36363636363637    0.09090909090909             1
   -0.27272727272727   -0.36363636363637    0.09090909090909             1
   -0.18181818181818   -0.36363636363637    0.09090909090909             1
   -0.09090909090909   -0.36363636363637    0.09090909090909             1
    0.00000000000000   -0.27272727272727    0.09090909090909             1
    0.09090909090909   -0.27272727272727    0.09090909090909             1
    0.18181818181818   -0.27272727272727    0.09090909090909             1
    0.27272727272727   -0.27272727272727    0.09090909090909             1
    0.36363636363637   -0.27272727272727    0.09090909090909             1
    0.45454545454545   -0.27272727272727    0.09090909090909             1
   -0.45454545454545   -0.27272727272727    0.09090909090909             1
   -0.36363636363637   -0.27272727272727    0.09090909090909             1
   -0.27272727272727   -0.27272727272727    0.09090909090909             1
   -0.18181818181818   -0.27272727272727    0.09090909090909             1
   -0.09090909090909   -0.27272727272727    0.09090909090909             1
    0.00000000000000   -0.18181818181818    0.09090909090909             1
    0.09090909090909   -0.18181818181818    0.09090909090909             1
    0.18181818181818   -0.18181818181818    0.09090909090909             1
    0.27272727272727   -0.18181818181818    0.09090909090909             1
    0.36363636363637   -0.18181818181818    0.09090909090909             1
    0.45454545454545   -0.18181818181818    0.09090909090909             1
   -0.45454545454545   -0.18181818181818    0.09090909090909             1
   -0.36363636363637   -0.18181818181818    0.09090909090909             1
   -0.27272727272727   -0.18181818181818    0.09090909090909             1
   -0.18181818181818   -0.18181818181818    0.09090909090909             1
   -0.09090909090909   -0.18181818181818    0.09090909090909             1
    0.00000000000000   -0.09090909090909    0.09090909090909             1
    0.09090909090909   -0.09090909090909    0.09090909090909             1
    0.18181818181818   -0.09090909090909    0.09090909090909             1
    0.27272727272727   -0.09090909090909    0.09090909090909             1
    0.36363636363637   -0.09090909090909    0.09090909090909             1
    0.45454545454545   -0.09090909090909    0.09090909090909             1
   -0.45454545454545   -0.09090909090909    0.09090909090909             1
   -0.36363636363637   -0.09090909090909    0.09090909090909             1
   -0.27272727272727   -0.09090909090909    0.09090909090909             1
   -0.18181818181818   -0.09090909090909    0.09090909090909             1
   -0.09090909090909   -0.09090909090909    0.09090909090909             1
    0.00000000000000   -0.00000000000000    0.18181818181818             1
    0.09090909090909    0.00000000000000    0.18181818181818             1
    0.18181818181818   -0.00000000000000    0.18181818181818             1
    0.27272727272727    0.00000000000000    0.18181818181818             1
    0.36363636363637   -0.00000000000000    0.18181818181818             1
    0.45454545454545   -0.00000000000000    0.18181818181818             1
   -0.45454545454545   -0.00000000000000    0.18181818181818             1
   -0.36363636363637    0.00000000000000    0.18181818181818             1
   -0.27272727272727   -0.00000000000000    0.18181818181818             1
   -0.18181818181818    0.00000000000000    0.18181818181818             1
   -0.09090909090909   -0.00000000000000    0.18181818181818             1
    0.00000000000000    0.09090909090909    0.18181818181818             1
    0.09090909090909    0.09090909090909    0.18181818181818             1
    0.18181818181818    0.09090909090909    0.18181818181818             1
    0.27272727272727    0.09090909090909    0.18181818181818             1
    0.36363636363637    0.09090909090909    0.18181818181818             1
    0.45454545454545    0.09090909090909    0.18181818181818             1
   -0.45454545454545    0.09090909090909    0.18181818181818             1
   -0.36363636363637    0.09090909090909    0.18181818181818             1
   -0.27272727272727    0.09090909090909    0.18181818181818             1
   -0.18181818181818    0.09090909090909    0.18181818181818             1
   -0.09090909090909    0.09090909090909    0.18181818181818             1
    0.00000000000000    0.18181818181818    0.18181818181818             1
    0.09090909090909    0.18181818181818    0.18181818181818             1
    0.18181818181818    0.18181818181818    0.18181818181818             1
    0.27272727272727    0.18181818181818    0.18181818181818             1
    0.36363636363637    0.18181818181818    0.18181818181818             1
    0.45454545454545    0.18181818181818    0.18181818181818             1
   -0.45454545454545    0.18181818181818    0.18181818181818             1
   -0.36363636363637    0.18181818181818    0.18181818181818             1
   -0.27272727272727    0.18181818181818    0.18181818181818             1
   -0.18181818181818    0.18181818181818    0.18181818181818             1
   -0.09090909090909    0.18181818181818    0.18181818181818             1
    0.00000000000000    0.27272727272727    0.18181818181818             1
    0.09090909090909    0.27272727272727    0.18181818181818             1
    0.18181818181818    0.27272727272727    0.18181818181818             1
    0.27272727272727    0.27272727272727    0.18181818181818             1
    0.36363636363637    0.27272727272727    0.18181818181818             1
    0.45454545454545    0.27272727272727    0.18181818181818             1
   -0.45454545454545    0.27272727272727    0.18181818181818             1
   -0.36363636363637    0.27272727272727    0.18181818181818             1
   -0.27272727272727    0.27272727272727    0.18181818181818             1
   -0.18181818181818    0.27272727272727    0.18181818181818             1
   -0.09090909090909    0.27272727272727    0.18181818181818             1
    0.00000000000000    0.36363636363637    0.18181818181818             1
    0.09090909090909    0.36363636363637    0.18181818181818             1
    0.18181818181818    0.36363636363637    0.18181818181818             1
    0.27272727272727    0.36363636363637    0.18181818181818             1
    0.36363636363637    0.36363636363637    0.18181818181818             1
    0.45454545454545    0.36363636363637    0.18181818181818             1
   -0.45454545454545    0.36363636363637    0.18181818181818             1
   -0.36363636363637    0.36363636363637    0.18181818181818             1
   -0.27272727272727    0.36363636363637    0.18181818181818             1
   -0.18181818181818    0.36363636363637    0.18181818181818             1
   -0.09090909090909    0.36363636363637    0.18181818181818             1
    0.00000000000000    0.45454545454545    0.18181818181818             1
    0.09090909090909    0.45454545454545    0.18181818181818             1
    0.18181818181818    0.45454545454545    0.18181818181818             1
    0.27272727272727    0.45454545454545    0.18181818181818             1
    0.36363636363637    0.45454545454545    0.18181818181818             1
    0.45454545454545    0.45454545454545    0.18181818181818             1
   -0.45454545454545    0.45454545454545    0.18181818181818             1
   -0.36363636363637    0.45454545454545    0.18181818181818             1
   -0.27272727272727    0.45454545454545    0.18181818181818             1
   -0.18181818181818    0.45454545454545    0.18181818181818             1
   -0.09090909090909    0.45454545454545    0.18181818181818             1
    0.00000000000000   -0.45454545454545    0.18181818181818             1
    0.09090909090909   -0.45454545454545    0.18181818181818             1
    0.18181818181818   -0.45454545454545    0.18181818181818             1
    0.27272727272727   -0.45454545454545    0.18181818181818             1
    0.36363636363637   -0.45454545454545    0.18181818181818             1
    0.45454545454545   -0.45454545454545    0.18181818181818             1
   -0.45454545454545   -0.45454545454545    0.18181818181818             1
   -0.36363636363637   -0.45454545454545    0.18181818181818             1
   -0.27272727272727   -0.45454545454545    0.18181818181818             1
   -0.18181818181818   -0.45454545454545    0.18181818181818             1
   -0.09090909090909   -0.45454545454545    0.18181818181818             1
    0.00000000000000   -0.36363636363637    0.18181818181818             1
    0.09090909090909   -0.36363636363637    0.18181818181818             1
    0.18181818181818   -0.36363636363637    0.18181818181818             1
    0.27272727272727   -0.36363636363637    0.18181818181818             1
    0.36363636363637   -0.36363636363637    0.18181818181818             1
    0.45454545454545   -0.36363636363637    0.18181818181818             1
   -0.45454545454545   -0.36363636363637    0.18181818181818             1
   -0.36363636363637   -0.36363636363637    0.18181818181818             1
   -0.27272727272727   -0.36363636363637    0.18181818181818             1
   -0.18181818181818   -0.36363636363637    0.18181818181818             1
   -0.09090909090909   -0.36363636363637    0.18181818181818             1
    0.00000000000000   -0.27272727272727    0.18181818181818             1
    0.09090909090909   -0.27272727272727    0.18181818181818             1
    0.18181818181818   -0.27272727272727    0.18181818181818             1
    0.27272727272727   -0.27272727272727    0.18181818181818             1
    0.36363636363637   -0.27272727272727    0.18181818181818             1
    0.45454545454545   -0.27272727272727    0.18181818181818             1
   -0.45454545454545   -0.27272727272727    0.18181818181818             1
   -0.36363636363637   -0.27272727272727    0.18181818181818             1
   -0.27272727272727   -0.27272727272727    0.18181818181818             1
   -0.18181818181818   -0.27272727272727    0.18181818181818             1
   -0.09090909090909   -0.27272727272727    0.18181818181818             1
    0.00000000000000   -0.18181818181818    0.18181818181818             1
    0.09090909090909   -0.18181818181818    0.18181818181818             1
    0.18181818181818   -0.18181818181818    0.18181818181818             1
    0.27272727272727   -0.18181818181818    0.18181818181818             1
    0.36363636363637   -0.18181818181818    0.18181818181818             1
    0.45454545454545   -0.18181818181818    0.18181818181818             1
   -0.45454545454545   -0.18181818181818    0.18181818181818             1
   -0.36363636363637   -0.18181818181818    0.18181818181818             1
   -0.27272727272727   -0.18181818181818    0.18181818181818             1
   -0.18181818181818   -0.18181818181818    0.18181818181818             1
   -0.09090909090909   -0.18181818181818    0.18181818181818             1
    0.00000000000000   -0.09090909090909    0.18181818181818             1
    0.09090909090909   -0.09090909090909    0.18181818181818             1
    0.18181818181818   -0.09090909090909    0.18181818181818             1
    0.27272727272727   -0.09090909090909    0.18181818181818             1
    0.36363636363637   -0.09090909090909    0.18181818181818             1
    0.45454545454545   -0.09090909090909    0.18181818181818             1
   -0.45454545454545   -0.09090909090909    0.18181818181818             1
   -0.36363636363637   -0.09090909090909    0.18181818181818             1
   -0.27272727272727   -0.09090909090909    0.18181818181818             1
   -0.18181818181818   -0.09090909090909    0.18181818181818             1
   -0.09090909090909   -0.09090909090909    0.18181818181818             1
    0.00000000000000   -0.00000000000000    0.27272727272727             1
    0.09090909090909    0.00000000000000    0.27272727272727             1
    0.18181818181818   -0.00000000000000    0.27272727272727             1
    0.27272727272727    0.00000000000000    0.27272727272727             1
    0.36363636363637   -0.00000000000000    0.27272727272727             1
    0.45454545454545   -0.00000000000000    0.27272727272727             1
   -0.45454545454545   -0.00000000000000    0.27272727272727             1
   -0.36363636363637    0.00000000000000    0.27272727272727             1
   -0.27272727272727    0.00000000000000    0.27272727272727             1
   -0.18181818181818    0.00000000000000    0.27272727272727             1
   -0.09090909090909   -0.00000000000000    0.27272727272727             1
    0.00000000000000    0.09090909090909    0.27272727272727             1
    0.09090909090909    0.09090909090909    0.27272727272727             1
    0.18181818181818    0.09090909090909    0.27272727272727             1
    0.27272727272727    0.09090909090909    0.27272727272727             1
    0.36363636363637    0.09090909090909    0.27272727272727             1
    0.45454545454545    0.09090909090909    0.27272727272727             1
   -0.45454545454545    0.09090909090909    0.27272727272727             1
   -0.36363636363637    0.09090909090909    0.27272727272727             1
   -0.27272727272727    0.09090909090909    0.27272727272727             1
   -0.18181818181818    0.09090909090909    0.27272727272727             1
   -0.09090909090909    0.09090909090909    0.27272727272727             1
    0.00000000000000    0.18181818181818    0.27272727272727             1
    0.09090909090909    0.18181818181818    0.27272727272727             1
    0.18181818181818    0.18181818181818    0.27272727272727             1
    0.27272727272727    0.18181818181818    0.27272727272727             1
    0.36363636363637    0.18181818181818    0.27272727272727             1
    0.45454545454545    0.18181818181818    0.27272727272727             1
   -0.45454545454545    0.18181818181818    0.27272727272727             1
   -0.36363636363637    0.18181818181818    0.27272727272727             1
   -0.27272727272727    0.18181818181818    0.27272727272727             1
   -0.18181818181818    0.18181818181818    0.27272727272727             1
   -0.09090909090909    0.18181818181818    0.27272727272727             1
    0.00000000000000    0.27272727272727    0.27272727272727             1
    0.09090909090909    0.27272727272727    0.27272727272727             1
    0.18181818181818    0.27272727272727    0.27272727272727             1
    0.27272727272727    0.27272727272727    0.27272727272727             1
    0.36363636363637    0.27272727272727    0.27272727272727             1
    0.45454545454545    0.27272727272727    0.27272727272727             1
   -0.45454545454545    0.27272727272727    0.27272727272727             1
   -0.36363636363637    0.27272727272727    0.27272727272727             1
   -0.27272727272727    0.27272727272727    0.27272727272727             1
   -0.18181818181818    0.27272727272727    0.27272727272727             1
   -0.09090909090909    0.27272727272727    0.27272727272727             1
    0.00000000000000    0.36363636363637    0.27272727272727             1
    0.09090909090909    0.36363636363637    0.27272727272727             1
    0.18181818181818    0.36363636363637    0.27272727272727             1
    0.27272727272727    0.36363636363637    0.27272727272727             1
    0.36363636363637    0.36363636363637    0.27272727272727             1
    0.45454545454545    0.36363636363637    0.27272727272727             1
   -0.45454545454545    0.36363636363637    0.27272727272727             1
   -0.36363636363637    0.36363636363637    0.27272727272727             1
   -0.27272727272727    0.36363636363637    0.27272727272727             1
   -0.18181818181818    0.36363636363637    0.27272727272727             1
   -0.09090909090909    0.36363636363637    0.27272727272727             1
    0.00000000000000    0.45454545454545    0.27272727272727             1
    0.09090909090909    0.45454545454545    0.27272727272727             1
    0.18181818181818    0.45454545454545    0.27272727272727             1
    0.27272727272727    0.45454545454545    0.27272727272727             1
    0.36363636363637    0.45454545454545    0.27272727272727             1
    0.45454545454545    0.45454545454545    0.27272727272727             1
   -0.45454545454545    0.45454545454545    0.27272727272727             1
   -0.36363636363637    0.45454545454545    0.27272727272727             1
   -0.27272727272727    0.45454545454545    0.27272727272727             1
   -0.18181818181818    0.45454545454545    0.27272727272727             1
   -0.09090909090909    0.45454545454545    0.27272727272727             1
    0.00000000000000   -0.45454545454545    0.27272727272727             1
    0.09090909090909   -0.45454545454545    0.27272727272727             1
    0.18181818181818   -0.45454545454545    0.27272727272727             1
    0.27272727272727   -0.45454545454545    0.27272727272727             1
    0.36363636363637   -0.45454545454545    0.27272727272727             1
    0.45454545454545   -0.45454545454545    0.27272727272727             1
   -0.45454545454545   -0.45454545454545    0.27272727272727             1
   -0.36363636363637   -0.45454545454545    0.27272727272727             1
   -0.27272727272727   -0.45454545454545    0.27272727272727             1
   -0.18181818181818   -0.45454545454545    0.27272727272727             1
   -0.09090909090909   -0.45454545454545    0.27272727272727             1
    0.00000000000000   -0.36363636363637    0.27272727272727             1
    0.09090909090909   -0.36363636363637    0.27272727272727             1
    0.18181818181818   -0.36363636363637    0.27272727272727             1
    0.27272727272727   -0.36363636363637    0.27272727272727             1
    0.36363636363637   -0.36363636363637    0.27272727272727             1
    0.45454545454545   -0.36363636363637    0.27272727272727             1
   -0.45454545454545   -0.36363636363637    0.27272727272727             1
   -0.36363636363637   -0.36363636363637    0.27272727272727             1
   -0.27272727272727   -0.36363636363637    0.27272727272727             1
   -0.18181818181818   -0.36363636363637    0.27272727272727             1
   -0.09090909090909   -0.36363636363637    0.27272727272727             1
    0.00000000000000   -0.27272727272727    0.27272727272727             1
    0.09090909090909   -0.27272727272727    0.27272727272727             1
    0.18181818181818   -0.27272727272727    0.27272727272727             1
    0.27272727272727   -0.27272727272727    0.27272727272727             1
    0.36363636363637   -0.27272727272727    0.27272727272727             1
    0.45454545454545   -0.27272727272727    0.27272727272727             1
   -0.45454545454545   -0.27272727272727    0.27272727272727             1
   -0.36363636363637   -0.27272727272727    0.27272727272727             1
   -0.27272727272727   -0.27272727272727    0.27272727272727             1
   -0.18181818181818   -0.27272727272727    0.27272727272727             1
   -0.09090909090909   -0.27272727272727    0.27272727272727             1
    0.00000000000000   -0.18181818181818    0.27272727272727             1
    0.09090909090909   -0.18181818181818    0.27272727272727             1
    0.18181818181818   -0.18181818181818    0.27272727272727             1
    0.27272727272727   -0.18181818181818    0.27272727272727             1
    0.36363636363637   -0.18181818181818    0.27272727272727             1
    0.45454545454545   -0.18181818181818    0.27272727272727             1
   -0.45454545454545   -0.18181818181818    0.27272727272727             1
   -0.36363636363637   -0.18181818181818    0.27272727272727             1
   -0.27272727272727   -0.18181818181818    0.27272727272727             1
   -0.18181818181818   -0.18181818181818    0.27272727272727             1
   -0.09090909090909   -0.18181818181818    0.27272727272727             1
    0.00000000000000   -0.09090909090909    0.27272727272727             1
    0.09090909090909   -0.09090909090909    0.27272727272727             1
    0.18181818181818   -0.09090909090909    0.27272727272727             1
    0.27272727272727   -0.09090909090909    0.27272727272727             1
    0.36363636363637   -0.09090909090909    0.27272727272727             1
    0.45454545454545   -0.09090909090909    0.27272727272727             1
   -0.45454545454545   -0.09090909090909    0.27272727272727             1
   -0.36363636363637   -0.09090909090909    0.27272727272727             1
   -0.27272727272727   -0.09090909090909    0.27272727272727             1
   -0.18181818181818   -0.09090909090909    0.27272727272727             1
   -0.09090909090909   -0.09090909090909    0.27272727272727             1
    0.00000000000000    0.00000000000000    0.36363636363637             1
    0.09090909090909   -0.00000000000000    0.36363636363637             1
    0.18181818181818    0.00000000000000    0.36363636363637             1
    0.27272727272727   -0.00000000000000    0.36363636363637             1
    0.36363636363637   -0.00000000000000    0.36363636363637             1
    0.45454545454545   -0.00000000000000    0.36363636363637             1
   -0.45454545454545    0.00000000000000    0.36363636363637             1
   -0.36363636363637   -0.00000000000000    0.36363636363637             1
   -0.27272727272727   -0.00000000000000    0.36363636363637             1
   -0.18181818181818   -0.00000000000000    0.36363636363637             1
   -0.09090909090909    0.00000000000000    0.36363636363637             1
    0.00000000000000    0.09090909090909    0.36363636363637             1
    0.09090909090909    0.09090909090909    0.36363636363637             1
    0.18181818181818    0.09090909090909    0.36363636363637             1
    0.27272727272727    0.09090909090909    0.36363636363637             1
    0.36363636363637    0.09090909090909    0.36363636363637             1
    0.45454545454545    0.09090909090909    0.36363636363637             1
   -0.45454545454545    0.09090909090909    0.36363636363637             1
   -0.36363636363637    0.09090909090909    0.36363636363637             1
   -0.27272727272727    0.09090909090909    0.36363636363637             1
   -0.18181818181818    0.09090909090909    0.36363636363637             1
   -0.09090909090909    0.09090909090909    0.36363636363637             1
    0.00000000000000    0.18181818181818    0.36363636363637             1
    0.09090909090909    0.18181818181818    0.36363636363637             1
    0.18181818181818    0.18181818181818    0.36363636363637             1
    0.27272727272727    0.18181818181818    0.36363636363637             1
    0.36363636363637    0.18181818181818    0.36363636363637             1
    0.45454545454545    0.18181818181818    0.36363636363637             1
   -0.45454545454545    0.18181818181818    0.36363636363637             1
   -0.36363636363637    0.18181818181818    0.36363636363637             1
   -0.27272727272727    0.18181818181818    0.36363636363637             1
   -0.18181818181818    0.18181818181818    0.36363636363637             1
   -0.09090909090909    0.18181818181818    0.36363636363637             1
    0.00000000000000    0.27272727272727    0.36363636363637             1
    0.09090909090909    0.27272727272727    0.36363636363637             1
    0.18181818181818    0.27272727272727    0.36363636363637             1
    0.27272727272727    0.27272727272727    0.36363636363637             1
    0.36363636363637    0.27272727272727    0.36363636363637             1
    0.45454545454545    0.27272727272727    0.36363636363637             1
   -0.45454545454545    0.27272727272727    0.36363636363637             1
   -0.36363636363637    0.27272727272727    0.36363636363637             1
   -0.27272727272727    0.27272727272727    0.36363636363637             1
   -0.18181818181818    0.27272727272727    0.36363636363637             1
   -0.09090909090909    0.27272727272727    0.36363636363637             1
    0.00000000000000    0.36363636363637    0.36363636363637             1
    0.09090909090909    0.36363636363637    0.36363636363637             1
    0.18181818181818    0.36363636363637    0.36363636363637             1
    0.27272727272727    0.36363636363637    0.36363636363637             1
    0.36363636363637    0.36363636363637    0.36363636363637             1
    0.45454545454545    0.36363636363637    0.36363636363637             1
   -0.45454545454545    0.36363636363637    0.36363636363637             1
   -0.36363636363637    0.36363636363637    0.36363636363637             1
   -0.27272727272727    0.36363636363637    0.36363636363637             1
   -0.18181818181818    0.36363636363637    0.36363636363637             1
   -0.09090909090909    0.36363636363637    0.36363636363637             1
    0.00000000000000    0.45454545454545    0.36363636363637             1
    0.09090909090909    0.45454545454545    0.36363636363637             1
    0.18181818181818    0.45454545454545    0.36363636363637             1
    0.27272727272727    0.45454545454545    0.36363636363637             1
    0.36363636363637    0.45454545454545    0.36363636363637             1
    0.45454545454545    0.45454545454545    0.36363636363637             1
   -0.45454545454545    0.45454545454545    0.36363636363637             1
   -0.36363636363637    0.45454545454545    0.36363636363637             1
   -0.27272727272727    0.45454545454545    0.36363636363637             1
   -0.18181818181818    0.45454545454545    0.36363636363637             1
   -0.09090909090909    0.45454545454545    0.36363636363637             1
    0.00000000000000   -0.45454545454545    0.36363636363637             1
    0.09090909090909   -0.45454545454545    0.36363636363637             1
    0.18181818181818   -0.45454545454545    0.36363636363637             1
    0.27272727272727   -0.45454545454545    0.36363636363637             1
    0.36363636363637   -0.45454545454545    0.36363636363637             1
    0.45454545454545   -0.45454545454545    0.36363636363637             1
   -0.45454545454545   -0.45454545454545    0.36363636363637             1
   -0.36363636363637   -0.45454545454545    0.36363636363637             1
   -0.27272727272727   -0.45454545454545    0.36363636363637             1
   -0.18181818181818   -0.45454545454545    0.36363636363637             1
   -0.09090909090909   -0.45454545454545    0.36363636363637             1
    0.00000000000000   -0.36363636363637    0.36363636363637             1
    0.09090909090909   -0.36363636363637    0.36363636363637             1
    0.18181818181818   -0.36363636363637    0.36363636363637             1
    0.27272727272727   -0.36363636363637    0.36363636363637             1
    0.36363636363637   -0.36363636363637    0.36363636363637             1
    0.45454545454545   -0.36363636363637    0.36363636363637             1
   -0.45454545454545   -0.36363636363637    0.36363636363637             1
   -0.36363636363637   -0.36363636363637    0.36363636363637             1
   -0.27272727272727   -0.36363636363637    0.36363636363637             1
   -0.18181818181818   -0.36363636363637    0.36363636363637             1
   -0.09090909090909   -0.36363636363637    0.36363636363637             1
    0.00000000000000   -0.27272727272727    0.36363636363637             1
    0.09090909090909   -0.27272727272727    0.36363636363637             1
    0.18181818181818   -0.27272727272727    0.36363636363637             1
    0.27272727272727   -0.27272727272727    0.36363636363637             1
    0.36363636363637   -0.27272727272727    0.36363636363637             1
    0.45454545454545   -0.27272727272727    0.36363636363637             1
   -0.45454545454545   -0.27272727272727    0.36363636363637             1
   -0.36363636363637   -0.27272727272727    0.36363636363637             1
   -0.27272727272727   -0.27272727272727    0.36363636363637             1
   -0.18181818181818   -0.27272727272727    0.36363636363637             1
   -0.09090909090909   -0.27272727272727    0.36363636363637             1
    0.00000000000000   -0.18181818181818    0.36363636363637             1
    0.09090909090909   -0.18181818181818    0.36363636363637             1
    0.18181818181818   -0.18181818181818    0.36363636363637             1
    0.27272727272727   -0.18181818181818    0.36363636363637             1
    0.36363636363637   -0.18181818181818    0.36363636363637             1
    0.45454545454545   -0.18181818181818    0.36363636363637             1
   -0.45454545454545   -0.18181818181818    0.36363636363637             1
   -0.36363636363637   -0.18181818181818    0.36363636363637             1
   -0.27272727272727   -0.18181818181818    0.36363636363637             1
   -0.18181818181818   -0.18181818181818    0.36363636363637             1
   -0.09090909090909   -0.18181818181818    0.36363636363637             1
    0.00000000000000   -0.09090909090909    0.36363636363637             1
    0.09090909090909   -0.09090909090909    0.36363636363637             1
    0.18181818181818   -0.09090909090909    0.36363636363637             1
    0.27272727272727   -0.09090909090909    0.36363636363637             1
    0.36363636363637   -0.09090909090909    0.36363636363637             1
    0.45454545454545   -0.09090909090909    0.36363636363637             1
   -0.45454545454545   -0.09090909090909    0.36363636363637             1
   -0.36363636363637   -0.09090909090909    0.36363636363637             1
   -0.27272727272727   -0.09090909090909    0.36363636363637             1
   -0.18181818181818   -0.09090909090909    0.36363636363637             1
   -0.09090909090909   -0.09090909090909    0.36363636363637             1
    0.00000000000000    0.00000000000000    0.45454545454545             1
    0.09090909090909   -0.00000000000000    0.45454545454545             1
    0.18181818181818    0.00000000000000    0.45454545454545             1
    0.27272727272727    0.00000000000000    0.45454545454545             1
    0.36363636363637    0.00000000000000    0.45454545454545             1
    0.45454545454545    0.00000000000000    0.45454545454545             1
   -0.45454545454545    0.00000000000000    0.45454545454545             1
   -0.36363636363637    0.00000000000000    0.45454545454545             1
   -0.27272727272727   -0.00000000000000    0.45454545454545             1
   -0.18181818181818    0.00000000000000    0.45454545454545             1
   -0.09090909090909    0.00000000000000    0.45454545454545             1
    0.00000000000000    0.09090909090909    0.45454545454545             1
    0.09090909090909    0.09090909090909    0.45454545454545             1
    0.18181818181818    0.09090909090909    0.45454545454545             1
    0.27272727272727    0.09090909090909    0.45454545454545             1
    0.36363636363637    0.09090909090909    0.45454545454545             1
    0.45454545454545    0.09090909090909    0.45454545454545             1
   -0.45454545454545    0.09090909090909    0.45454545454545             1
   -0.36363636363637    0.09090909090909    0.45454545454545             1
   -0.27272727272727    0.09090909090909    0.45454545454545             1
   -0.18181818181818    0.09090909090909    0.45454545454545             1
   -0.09090909090909    0.09090909090909    0.45454545454545             1
    0.00000000000000    0.18181818181818    0.45454545454545             1
    0.09090909090909    0.18181818181818    0.45454545454545             1
    0.18181818181818    0.18181818181818    0.45454545454545             1
    0.27272727272727    0.18181818181818    0.45454545454545             1
    0.36363636363637    0.18181818181818    0.45454545454545             1
    0.45454545454545    0.18181818181818    0.45454545454545             1
   -0.45454545454545    0.18181818181818    0.45454545454545             1
   -0.36363636363637    0.18181818181818    0.45454545454545             1
   -0.27272727272727    0.18181818181818    0.45454545454545             1
   -0.18181818181818    0.18181818181818    0.45454545454545             1
   -0.09090909090909    0.18181818181818    0.45454545454545             1
    0.00000000000000    0.27272727272727    0.45454545454545             1
    0.09090909090909    0.27272727272727    0.45454545454545             1
    0.18181818181818    0.27272727272727    0.45454545454545             1
    0.27272727272727    0.27272727272727    0.45454545454545             1
    0.36363636363637    0.27272727272727    0.45454545454545             1
    0.45454545454545    0.27272727272727    0.45454545454545             1
   -0.45454545454545    0.27272727272727    0.45454545454545             1
   -0.36363636363637    0.27272727272727    0.45454545454545             1
   -0.27272727272727    0.27272727272727    0.45454545454545             1
   -0.18181818181818    0.27272727272727    0.45454545454545             1
   -0.09090909090909    0.27272727272727    0.45454545454545             1
    0.00000000000000    0.36363636363637    0.45454545454545             1
    0.09090909090909    0.36363636363637    0.45454545454545             1
    0.18181818181818    0.36363636363637    0.45454545454545             1
    0.27272727272727    0.36363636363637    0.45454545454545             1
    0.36363636363637    0.36363636363637    0.45454545454545             1
    0.45454545454545    0.36363636363637    0.45454545454545             1
   -0.45454545454545    0.36363636363637    0.45454545454545             1
   -0.36363636363637    0.36363636363637    0.45454545454545             1
   -0.27272727272727    0.36363636363637    0.45454545454545             1
   -0.18181818181818    0.36363636363637    0.45454545454545             1
   -0.09090909090909    0.36363636363637    0.45454545454545             1
    0.00000000000000    0.45454545454545    0.45454545454545             1
    0.09090909090909    0.45454545454545    0.45454545454545             1
    0.18181818181818    0.45454545454545    0.45454545454545             1
    0.27272727272727    0.45454545454545    0.45454545454545             1
    0.36363636363637    0.45454545454545    0.45454545454545             1
    0.45454545454545    0.45454545454545    0.45454545454545             1
   -0.45454545454545    0.45454545454545    0.45454545454545             1
   -0.36363636363637    0.45454545454545    0.45454545454545             1
   -0.27272727272727    0.45454545454545    0.45454545454545             1
   -0.18181818181818    0.45454545454545    0.45454545454545             1
   -0.09090909090909    0.45454545454545    0.45454545454545             1
    0.00000000000000   -0.45454545454545    0.45454545454545             1
    0.09090909090909   -0.45454545454545    0.45454545454545             1
    0.18181818181818   -0.45454545454545    0.45454545454545             1
    0.27272727272727   -0.45454545454545    0.45454545454545             1
    0.36363636363637   -0.45454545454545    0.45454545454545             1
    0.45454545454545   -0.45454545454545    0.45454545454545             1
   -0.45454545454545   -0.45454545454545    0.45454545454545             1
   -0.36363636363637   -0.45454545454545    0.45454545454545             1
   -0.27272727272727   -0.45454545454545    0.45454545454545             1
   -0.18181818181818   -0.45454545454545    0.45454545454545             1
   -0.09090909090909   -0.45454545454545    0.45454545454545             1
    0.00000000000000   -0.36363636363637    0.45454545454545             1
    0.09090909090909   -0.36363636363637    0.45454545454545             1
    0.18181818181818   -0.36363636363637    0.45454545454545             1
    0.27272727272727   -0.36363636363637    0.45454545454545             1
    0.36363636363637   -0.36363636363637    0.45454545454545             1
    0.45454545454545   -0.36363636363637    0.45454545454545             1
   -0.45454545454545   -0.36363636363637    0.45454545454545             1
   -0.36363636363637   -0.36363636363637    0.45454545454545             1
   -0.27272727272727   -0.36363636363637    0.45454545454545             1
   -0.18181818181818   -0.36363636363637    0.45454545454545             1
   -0.09090909090909   -0.36363636363637    0.45454545454545             1
    0.00000000000000   -0.27272727272727    0.45454545454545             1
    0.09090909090909   -0.27272727272727    0.45454545454545             1
    0.18181818181818   -0.27272727272727    0.45454545454545             1
    0.27272727272727   -0.27272727272727    0.45454545454545             1
    0.36363636363637   -0.27272727272727    0.45454545454545             1
    0.45454545454545   -0.27272727272727    0.45454545454545             1
   -0.45454545454545   -0.27272727272727    0.45454545454545             1
   -0.36363636363637   -0.27272727272727    0.45454545454545             1
   -0.27272727272727   -0.27272727272727    0.45454545454545             1
   -0.18181818181818   -0.27272727272727    0.45454545454545             1
   -0.09090909090909   -0.27272727272727    0.45454545454545             1
    0.00000000000000   -0.18181818181818    0.45454545454545             1
    0.09090909090909   -0.18181818181818    0.45454545454545             1
    0.18181818181818   -0.18181818181818    0.45454545454545             1
    0.27272727272727   -0.18181818181818    0.45454545454545             1
    0.36363636363637   -0.18181818181818    0.45454545454545             1
    0.45454545454545   -0.18181818181818    0.45454545454545             1
   -0.45454545454545   -0.18181818181818    0.45454545454545             1
   -0.36363636363637   -0.18181818181818    0.45454545454545             1
   -0.27272727272727   -0.18181818181818    0.45454545454545             1
   -0.18181818181818   -0.18181818181818    0.45454545454545             1
   -0.09090909090909   -0.18181818181818    0.45454545454545             1
    0.00000000000000   -0.09090909090909    0.45454545454545             1
    0.09090909090909   -0.09090909090909    0.45454545454545             1
    0.18181818181818   -0.09090909090909    0.45454545454545             1
    0.27272727272727   -0.09090909090909    0.45454545454545             1
    0.36363636363637   -0.09090909090909    0.45454545454545             1
    0.45454545454545   -0.09090909090909    0.45454545454545             1
   -0.45454545454545   -0.09090909090909    0.45454545454545             1
   -0.36363636363637   -0.09090909090909    0.45454545454545             1
   -0.27272727272727   -0.09090909090909    0.45454545454545             1
   -0.18181818181818   -0.09090909090909    0.45454545454545             1
   -0.09090909090909   -0.09090909090909    0.45454545454545             1
   -0.00000000000000    0.00000000000000   -0.45454545454545             1
    0.09090909090909   -0.00000000000000   -0.45454545454545             1
    0.18181818181818   -0.00000000000000   -0.45454545454545             1
    0.27272727272727    0.00000000000000   -0.45454545454545             1
    0.36363636363637   -0.00000000000000   -0.45454545454545             1
    0.45454545454545   -0.00000000000000   -0.45454545454545             1
   -0.45454545454545    0.00000000000000   -0.45454545454545             1
   -0.36363636363637    0.00000000000000   -0.45454545454545             1
   -0.27272727272727   -0.00000000000000   -0.45454545454545             1
   -0.18181818181818   -0.00000000000000   -0.45454545454545             1
   -0.09090909090909    0.00000000000000   -0.45454545454545             1
   -0.00000000000000    0.09090909090909   -0.45454545454545             1
    0.09090909090909    0.09090909090909   -0.45454545454545             1
    0.18181818181818    0.09090909090909   -0.45454545454545             1
    0.27272727272727    0.09090909090909   -0.45454545454545             1
    0.36363636363637    0.09090909090909   -0.45454545454545             1
    0.45454545454545    0.09090909090909   -0.45454545454545             1
   -0.45454545454545    0.09090909090909   -0.45454545454545             1
   -0.36363636363637    0.09090909090909   -0.45454545454545             1
   -0.27272727272727    0.09090909090909   -0.45454545454545             1
   -0.18181818181818    0.09090909090909   -0.45454545454545             1
   -0.09090909090909    0.09090909090909   -0.45454545454545             1
   -0.00000000000000    0.18181818181818   -0.45454545454545             1
    0.09090909090909    0.18181818181818   -0.45454545454545             1
    0.18181818181818    0.18181818181818   -0.45454545454545             1
    0.27272727272727    0.18181818181818   -0.45454545454545             1
    0.36363636363637    0.18181818181818   -0.45454545454545             1
    0.45454545454545    0.18181818181818   -0.45454545454545             1
   -0.45454545454545    0.18181818181818   -0.45454545454545             1
   -0.36363636363637    0.18181818181818   -0.45454545454545             1
   -0.27272727272727    0.18181818181818   -0.45454545454545             1
   -0.18181818181818    0.18181818181818   -0.45454545454545             1
   -0.09090909090909    0.18181818181818   -0.45454545454545             1
   -0.00000000000000    0.27272727272727   -0.45454545454545             1
    0.09090909090909    0.27272727272727   -0.45454545454545             1
    0.18181818181818    0.27272727272727   -0.45454545454545             1
    0.27272727272727    0.27272727272727   -0.45454545454545             1
    0.36363636363637    0.27272727272727   -0.45454545454545             1
    0.45454545454545    0.27272727272727   -0.45454545454545             1
   -0.45454545454545    0.27272727272727   -0.45454545454545             1
   -0.36363636363637    0.27272727272727   -0.45454545454545             1
   -0.27272727272727    0.27272727272727   -0.45454545454545             1
   -0.18181818181818    0.27272727272727   -0.45454545454545             1
   -0.09090909090909    0.27272727272727   -0.45454545454545             1
   -0.00000000000000    0.36363636363637   -0.45454545454545             1
    0.09090909090909    0.36363636363637   -0.45454545454545             1
    0.18181818181818    0.36363636363637   -0.45454545454545             1
    0.27272727272727    0.36363636363637   -0.45454545454545             1
    0.36363636363637    0.36363636363637   -0.45454545454545             1
    0.45454545454545    0.36363636363637   -0.45454545454545             1
   -0.45454545454545    0.36363636363637   -0.45454545454545             1
   -0.36363636363637    0.36363636363637   -0.45454545454545             1
   -0.27272727272727    0.36363636363637   -0.45454545454545             1
   -0.18181818181818    0.36363636363637   -0.45454545454545             1
   -0.09090909090909    0.36363636363637   -0.45454545454545             1
   -0.00000000000000    0.45454545454545   -0.45454545454545             1
    0.09090909090909    0.45454545454545   -0.45454545454545             1
    0.18181818181818    0.45454545454545   -0.45454545454545             1
    0.27272727272727    0.45454545454545   -0.45454545454545             1
    0.36363636363637    0.45454545454545   -0.45454545454545             1
    0.45454545454545    0.45454545454545   -0.45454545454545             1
   -0.45454545454545    0.45454545454545   -0.45454545454545             1
   -0.36363636363637    0.45454545454545   -0.45454545454545             1
   -0.27272727272727    0.45454545454545   -0.45454545454545             1
   -0.18181818181818    0.45454545454545   -0.45454545454545             1
   -0.09090909090909    0.45454545454545   -0.45454545454545             1
   -0.00000000000000   -0.45454545454545   -0.45454545454545             1
    0.09090909090909   -0.45454545454545   -0.45454545454545             1
    0.18181818181818   -0.45454545454545   -0.45454545454545             1
    0.27272727272727   -0.45454545454545   -0.45454545454545             1
    0.36363636363637   -0.45454545454545   -0.45454545454545             1
    0.45454545454545   -0.45454545454545   -0.45454545454545             1
   -0.45454545454545   -0.45454545454545   -0.45454545454545             1
   -0.36363636363637   -0.45454545454545   -0.45454545454545             1
   -0.27272727272727   -0.45454545454545   -0.45454545454545             1
   -0.18181818181818   -0.45454545454545   -0.45454545454545             1
   -0.09090909090909   -0.45454545454545   -0.45454545454545             1
   -0.00000000000000   -0.36363636363637   -0.45454545454545             1
    0.09090909090909   -0.36363636363637   -0.45454545454545             1
    0.18181818181818   -0.36363636363637   -0.45454545454545             1
    0.27272727272727   -0.36363636363637   -0.45454545454545             1
    0.36363636363637   -0.36363636363637   -0.45454545454545             1
    0.45454545454545   -0.36363636363637   -0.45454545454545             1
   -0.45454545454545   -0.36363636363637   -0.45454545454545             1
   -0.36363636363637   -0.36363636363637   -0.45454545454545             1
   -0.27272727272727   -0.36363636363637   -0.45454545454545             1
   -0.18181818181818   -0.36363636363637   -0.45454545454545             1
   -0.09090909090909   -0.36363636363637   -0.45454545454545             1
   -0.00000000000000   -0.27272727272727   -0.45454545454545             1
    0.09090909090909   -0.27272727272727   -0.45454545454545             1
    0.18181818181818   -0.27272727272727   -0.45454545454545             1
    0.27272727272727   -0.27272727272727   -0.45454545454545             1
    0.36363636363637   -0.27272727272727   -0.45454545454545             1
    0.45454545454545   -0.27272727272727   -0.45454545454545             1
   -0.45454545454545   -0.27272727272727   -0.45454545454545             1
   -0.36363636363637   -0.27272727272727   -0.45454545454545             1
   -0.27272727272727   -0.27272727272727   -0.45454545454545             1
   -0.18181818181818   -0.27272727272727   -0.45454545454545             1
   -0.09090909090909   -0.27272727272727   -0.45454545454545             1
   -0.00000000000000   -0.18181818181818   -0.45454545454545             1
    0.09090909090909   -0.18181818181818   -0.45454545454545             1
    0.18181818181818   -0.18181818181818   -0.45454545454545             1
    0.27272727272727   -0.18181818181818   -0.45454545454545             1
    0.36363636363637   -0.18181818181818   -0.45454545454545             1
    0.45454545454545   -0.18181818181818   -0.45454545454545             1
   -0.45454545454545   -0.18181818181818   -0.45454545454545             1
   -0.36363636363637   -0.18181818181818   -0.45454545454545             1
   -0.27272727272727   -0.18181818181818   -0.45454545454545             1
   -0.18181818181818   -0.18181818181818   -0.45454545454545             1
   -0.09090909090909   -0.18181818181818   -0.45454545454545             1
   -0.00000000000000   -0.09090909090909   -0.45454545454545             1
    0.09090909090909   -0.09090909090909   -0.45454545454545             1
    0.18181818181818   -0.09090909090909   -0.45454545454545             1
    0.27272727272727   -0.09090909090909   -0.45454545454545             1
    0.36363636363637   -0.09090909090909   -0.45454545454545             1
    0.45454545454545   -0.09090909090909   -0.45454545454545             1
   -0.45454545454545   -0.09090909090909   -0.45454545454545             1
   -0.36363636363637   -0.09090909090909   -0.45454545454545             1
   -0.27272727272727   -0.09090909090909   -0.45454545454545             1
   -0.18181818181818   -0.09090909090909   -0.45454545454545             1
   -0.09090909090909   -0.09090909090909   -0.45454545454545             1
    0.00000000000000    0.00000000000000   -0.36363636363637             1
    0.09090909090909    0.00000000000000   -0.36363636363637             1
    0.18181818181818    0.00000000000000   -0.36363636363637             1
    0.27272727272727    0.00000000000000   -0.36363636363637             1
    0.36363636363637    0.00000000000000   -0.36363636363637             1
    0.45454545454545    0.00000000000000   -0.36363636363637             1
   -0.45454545454545    0.00000000000000   -0.36363636363637             1
   -0.36363636363637    0.00000000000000   -0.36363636363637             1
   -0.27272727272727    0.00000000000000   -0.36363636363637             1
   -0.18181818181818   -0.00000000000000   -0.36363636363637             1
   -0.09090909090909    0.00000000000000   -0.36363636363637             1
    0.00000000000000    0.09090909090909   -0.36363636363637             1
    0.09090909090909    0.09090909090909   -0.36363636363637             1
    0.18181818181818    0.09090909090909   -0.36363636363637             1
    0.27272727272727    0.09090909090909   -0.36363636363637             1
    0.36363636363637    0.09090909090909   -0.36363636363637             1
    0.45454545454545    0.09090909090909   -0.36363636363637             1
   -0.45454545454545    0.09090909090909   -0.36363636363637             1
   -0.36363636363637    0.09090909090909   -0.36363636363637             1
   -0.27272727272727    0.09090909090909   -0.36363636363637             1
   -0.18181818181818    0.09090909090909   -0.36363636363637             1
   -0.09090909090909    0.09090909090909   -0.36363636363637             1
    0.00000000000000    0.18181818181818   -0.36363636363637             1
    0.09090909090909    0.18181818181818   -0.36363636363637             1
    0.18181818181818    0.18181818181818   -0.36363636363637             1
    0.27272727272727    0.18181818181818   -0.36363636363637             1
    0.36363636363637    0.18181818181818   -0.36363636363637             1
    0.45454545454545    0.18181818181818   -0.36363636363637             1
   -0.45454545454545    0.18181818181818   -0.36363636363637             1
   -0.36363636363637    0.18181818181818   -0.36363636363637             1
   -0.27272727272727    0.18181818181818   -0.36363636363637             1
   -0.18181818181818    0.18181818181818   -0.36363636363637             1
   -0.09090909090909    0.18181818181818   -0.36363636363637             1
    0.00000000000000    0.27272727272727   -0.36363636363637             1
    0.09090909090909    0.27272727272727   -0.36363636363637             1
    0.18181818181818    0.27272727272727   -0.36363636363637             1
    0.27272727272727    0.27272727272727   -0.36363636363637             1
    0.36363636363637    0.27272727272727   -0.36363636363637             1
    0.45454545454545    0.27272727272727   -0.36363636363637             1
   -0.45454545454545    0.27272727272727   -0.36363636363637             1
   -0.36363636363637    0.27272727272727   -0.36363636363637             1
   -0.27272727272727    0.27272727272727   -0.36363636363637             1
   -0.18181818181818    0.27272727272727   -0.36363636363637             1
   -0.09090909090909    0.27272727272727   -0.36363636363637             1
    0.00000000000000    0.36363636363637   -0.36363636363637             1
    0.09090909090909    0.36363636363637   -0.36363636363637             1
    0.18181818181818    0.36363636363637   -0.36363636363637             1
    0.27272727272727    0.36363636363637   -0.36363636363637             1
    0.36363636363637    0.36363636363637   -0.36363636363637             1
    0.45454545454545    0.36363636363637   -0.36363636363637             1
   -0.45454545454545    0.36363636363637   -0.36363636363637             1
   -0.36363636363637    0.36363636363637   -0.36363636363637             1
   -0.27272727272727    0.36363636363637   -0.36363636363637             1
   -0.18181818181818    0.36363636363637   -0.36363636363637             1
   -0.09090909090909    0.36363636363637   -0.36363636363637             1
    0.00000000000000    0.45454545454545   -0.36363636363637             1
    0.09090909090909    0.45454545454545   -0.36363636363637             1
    0.18181818181818    0.45454545454545   -0.36363636363637             1
    0.27272727272727    0.45454545454545   -0.36363636363637             1
    0.36363636363637    0.45454545454545   -0.36363636363637             1
    0.45454545454545    0.45454545454545   -0.36363636363637             1
   -0.45454545454545    0.45454545454545   -0.36363636363637             1
   -0.36363636363637    0.45454545454545   -0.36363636363637             1
   -0.27272727272727    0.45454545454545   -0.36363636363637             1
   -0.18181818181818    0.45454545454545   -0.36363636363637             1
   -0.09090909090909    0.45454545454545   -0.36363636363637             1
    0.00000000000000   -0.45454545454545   -0.36363636363637             1
    0.09090909090909   -0.45454545454545   -0.36363636363637             1
    0.18181818181818   -0.45454545454545   -0.36363636363637             1
    0.27272727272727   -0.45454545454545   -0.36363636363637             1
    0.36363636363637   -0.45454545454545   -0.36363636363637             1
    0.45454545454545   -0.45454545454545   -0.36363636363637             1
   -0.45454545454545   -0.45454545454545   -0.36363636363637             1
   -0.36363636363637   -0.45454545454545   -0.36363636363637             1
   -0.27272727272727   -0.45454545454545   -0.36363636363637             1
   -0.18181818181818   -0.45454545454545   -0.36363636363637             1
   -0.09090909090909   -0.45454545454545   -0.36363636363637             1
    0.00000000000000   -0.36363636363637   -0.36363636363637             1
    0.09090909090909   -0.36363636363637   -0.36363636363637             1
    0.18181818181818   -0.36363636363637   -0.36363636363637             1
    0.27272727272727   -0.36363636363637   -0.36363636363637             1
    0.36363636363637   -0.36363636363637   -0.36363636363637             1
    0.45454545454545   -0.36363636363637   -0.36363636363637             1
   -0.45454545454545   -0.36363636363637   -0.36363636363637             1
   -0.36363636363637   -0.36363636363637   -0.36363636363637             1
   -0.27272727272727   -0.36363636363637   -0.36363636363637             1
   -0.18181818181818   -0.36363636363637   -0.36363636363637             1
   -0.09090909090909   -0.36363636363637   -0.36363636363637             1
    0.00000000000000   -0.27272727272727   -0.36363636363637             1
    0.09090909090909   -0.27272727272727   -0.36363636363637             1
    0.18181818181818   -0.27272727272727   -0.36363636363637             1
    0.27272727272727   -0.27272727272727   -0.36363636363637             1
    0.36363636363637   -0.27272727272727   -0.36363636363637             1
    0.45454545454545   -0.27272727272727   -0.36363636363637             1
   -0.45454545454545   -0.27272727272727   -0.36363636363637             1
   -0.36363636363637   -0.27272727272727   -0.36363636363637             1
   -0.27272727272727   -0.27272727272727   -0.36363636363637             1
   -0.18181818181818   -0.27272727272727   -0.36363636363637             1
   -0.09090909090909   -0.27272727272727   -0.36363636363637             1
    0.00000000000000   -0.18181818181818   -0.36363636363637             1
    0.09090909090909   -0.18181818181818   -0.36363636363637             1
    0.18181818181818   -0.18181818181818   -0.36363636363637             1
    0.27272727272727   -0.18181818181818   -0.36363636363637             1
    0.36363636363637   -0.18181818181818   -0.36363636363637             1
    0.45454545454545   -0.18181818181818   -0.36363636363637             1
   -0.45454545454545   -0.18181818181818   -0.36363636363637             1
   -0.36363636363637   -0.18181818181818   -0.36363636363637             1
   -0.27272727272727   -0.18181818181818   -0.36363636363637             1
   -0.18181818181818   -0.18181818181818   -0.36363636363637             1
   -0.09090909090909   -0.18181818181818   -0.36363636363637             1
    0.00000000000000   -0.09090909090909   -0.36363636363637             1
    0.09090909090909   -0.09090909090909   -0.36363636363637             1
    0.18181818181818   -0.09090909090909   -0.36363636363637             1
    0.27272727272727   -0.09090909090909   -0.36363636363637             1
    0.36363636363637   -0.09090909090909   -0.36363636363637             1
    0.45454545454545   -0.09090909090909   -0.36363636363637             1
   -0.45454545454545   -0.09090909090909   -0.36363636363637             1
   -0.36363636363637   -0.09090909090909   -0.36363636363637             1
   -0.27272727272727   -0.09090909090909   -0.36363636363637             1
   -0.18181818181818   -0.09090909090909   -0.36363636363637             1
   -0.09090909090909   -0.09090909090909   -0.36363636363637             1
    0.00000000000000    0.00000000000000   -0.27272727272727             1
    0.09090909090909    0.00000000000000   -0.27272727272727             1
    0.18181818181818    0.00000000000000   -0.27272727272727             1
    0.27272727272727    0.00000000000000   -0.27272727272727             1
    0.36363636363637    0.00000000000000   -0.27272727272727             1
    0.45454545454545    0.00000000000000   -0.27272727272727             1
   -0.45454545454545    0.00000000000000   -0.27272727272727             1
   -0.36363636363637    0.00000000000000   -0.27272727272727             1
   -0.27272727272727   -0.00000000000000   -0.27272727272727             1
   -0.18181818181818    0.00000000000000   -0.27272727272727             1
   -0.09090909090909    0.00000000000000   -0.27272727272727             1
    0.00000000000000    0.09090909090909   -0.27272727272727             1
    0.09090909090909    0.09090909090909   -0.27272727272727             1
    0.18181818181818    0.09090909090909   -0.27272727272727             1
    0.27272727272727    0.09090909090909   -0.27272727272727             1
    0.36363636363637    0.09090909090909   -0.27272727272727             1
    0.45454545454545    0.09090909090909   -0.27272727272727             1
   -0.45454545454545    0.09090909090909   -0.27272727272727             1
   -0.36363636363637    0.09090909090909   -0.27272727272727             1
   -0.27272727272727    0.09090909090909   -0.27272727272727             1
   -0.18181818181818    0.09090909090909   -0.27272727272727             1
   -0.09090909090909    0.09090909090909   -0.27272727272727             1
    0.00000000000000    0.18181818181818   -0.27272727272727             1
    0.09090909090909    0.18181818181818   -0.27272727272727             1
    0.18181818181818    0.18181818181818   -0.27272727272727             1
    0.27272727272727    0.18181818181818   -0.27272727272727             1
    0.36363636363637    0.18181818181818   -0.27272727272727             1
    0.45454545454545    0.18181818181818   -0.27272727272727             1
   -0.45454545454545    0.18181818181818   -0.27272727272727             1
   -0.36363636363637    0.18181818181818   -0.27272727272727             1
   -0.27272727272727    0.18181818181818   -0.27272727272727             1
   -0.18181818181818    0.18181818181818   -0.27272727272727             1
   -0.09090909090909    0.18181818181818   -0.27272727272727             1
    0.00000000000000    0.27272727272727   -0.27272727272727             1
    0.09090909090909    0.27272727272727   -0.27272727272727             1
    0.18181818181818    0.27272727272727   -0.27272727272727             1
    0.27272727272727    0.27272727272727   -0.27272727272727             1
    0.36363636363637    0.27272727272727   -0.27272727272727             1
    0.45454545454545    0.27272727272727   -0.27272727272727             1
   -0.45454545454545    0.27272727272727   -0.27272727272727             1
   -0.36363636363637    0.27272727272727   -0.27272727272727             1
   -0.27272727272727    0.27272727272727   -0.27272727272727             1
   -0.18181818181818    0.27272727272727   -0.27272727272727             1
   -0.09090909090909    0.27272727272727   -0.27272727272727             1
    0.00000000000000    0.36363636363637   -0.27272727272727             1
    0.09090909090909    0.36363636363637   -0.27272727272727             1
    0.18181818181818    0.36363636363637   -0.27272727272727             1
    0.27272727272727    0.36363636363637   -0.27272727272727             1
    0.36363636363637    0.36363636363637   -0.27272727272727             1
    0.45454545454545    0.36363636363637   -0.27272727272727             1
   -0.45454545454545    0.36363636363637   -0.27272727272727             1
   -0.36363636363637    0.36363636363637   -0.27272727272727             1
   -0.27272727272727    0.36363636363637   -0.27272727272727             1
   -0.18181818181818    0.36363636363637   -0.27272727272727             1
   -0.09090909090909    0.36363636363637   -0.27272727272727             1
    0.00000000000000    0.45454545454545   -0.27272727272727             1
    0.09090909090909    0.45454545454545   -0.27272727272727             1
    0.18181818181818    0.45454545454545   -0.27272727272727             1
    0.27272727272727    0.45454545454545   -0.27272727272727             1
    0.36363636363637    0.45454545454545   -0.27272727272727             1
    0.45454545454545    0.45454545454545   -0.27272727272727             1
   -0.45454545454545    0.45454545454545   -0.27272727272727             1
   -0.36363636363637    0.45454545454545   -0.27272727272727             1
   -0.27272727272727    0.45454545454545   -0.27272727272727             1
   -0.18181818181818    0.45454545454545   -0.27272727272727             1
   -0.09090909090909    0.45454545454545   -0.27272727272727             1
    0.00000000000000   -0.45454545454545   -0.27272727272727             1
    0.09090909090909   -0.45454545454545   -0.27272727272727             1
    0.18181818181818   -0.45454545454545   -0.27272727272727             1
    0.27272727272727   -0.45454545454545   -0.27272727272727             1
    0.36363636363637   -0.45454545454545   -0.27272727272727             1
    0.45454545454545   -0.45454545454545   -0.27272727272727             1
   -0.45454545454545   -0.45454545454545   -0.27272727272727             1
   -0.36363636363637   -0.45454545454545   -0.27272727272727             1
   -0.27272727272727   -0.45454545454545   -0.27272727272727             1
   -0.18181818181818   -0.45454545454545   -0.27272727272727             1
   -0.09090909090909   -0.45454545454545   -0.27272727272727             1
    0.00000000000000   -0.36363636363637   -0.27272727272727             1
    0.09090909090909   -0.36363636363637   -0.27272727272727             1
    0.18181818181818   -0.36363636363637   -0.27272727272727             1
    0.27272727272727   -0.36363636363637   -0.27272727272727             1
    0.36363636363637   -0.36363636363637   -0.27272727272727             1
    0.45454545454545   -0.36363636363637   -0.27272727272727             1
   -0.45454545454545   -0.36363636363637   -0.27272727272727             1
   -0.36363636363637   -0.36363636363637   -0.27272727272727             1
   -0.27272727272727   -0.36363636363637   -0.27272727272727             1
   -0.18181818181818   -0.36363636363637   -0.27272727272727             1
   -0.09090909090909   -0.36363636363637   -0.27272727272727             1
    0.00000000000000   -0.27272727272727   -0.27272727272727             1
    0.09090909090909   -0.27272727272727   -0.27272727272727             1
    0.18181818181818   -0.27272727272727   -0.27272727272727             1
    0.27272727272727   -0.27272727272727   -0.27272727272727             1
    0.36363636363637   -0.27272727272727   -0.27272727272727             1
    0.45454545454545   -0.27272727272727   -0.27272727272727             1
   -0.45454545454545   -0.27272727272727   -0.27272727272727             1
   -0.36363636363637   -0.27272727272727   -0.27272727272727             1
   -0.27272727272727   -0.27272727272727   -0.27272727272727             1
   -0.18181818181818   -0.27272727272727   -0.27272727272727             1
   -0.09090909090909   -0.27272727272727   -0.27272727272727             1
    0.00000000000000   -0.18181818181818   -0.27272727272727             1
    0.09090909090909   -0.18181818181818   -0.27272727272727             1
    0.18181818181818   -0.18181818181818   -0.27272727272727             1
    0.27272727272727   -0.18181818181818   -0.27272727272727             1
    0.36363636363637   -0.18181818181818   -0.27272727272727             1
    0.45454545454545   -0.18181818181818   -0.27272727272727             1
   -0.45454545454545   -0.18181818181818   -0.27272727272727             1
   -0.36363636363637   -0.18181818181818   -0.27272727272727             1
   -0.27272727272727   -0.18181818181818   -0.27272727272727             1
   -0.18181818181818   -0.18181818181818   -0.27272727272727             1
   -0.09090909090909   -0.18181818181818   -0.27272727272727             1
    0.00000000000000   -0.09090909090909   -0.27272727272727             1
    0.09090909090909   -0.09090909090909   -0.27272727272727             1
    0.18181818181818   -0.09090909090909   -0.27272727272727             1
    0.27272727272727   -0.09090909090909   -0.27272727272727             1
    0.36363636363637   -0.09090909090909   -0.27272727272727             1
    0.45454545454545   -0.09090909090909   -0.27272727272727             1
   -0.45454545454545   -0.09090909090909   -0.27272727272727             1
   -0.36363636363637   -0.09090909090909   -0.27272727272727             1
   -0.27272727272727   -0.09090909090909   -0.27272727272727             1
   -0.18181818181818   -0.09090909090909   -0.27272727272727             1
   -0.09090909090909   -0.09090909090909   -0.27272727272727             1
    0.00000000000000    0.00000000000000   -0.18181818181818             1
    0.09090909090909    0.00000000000000   -0.18181818181818             1
    0.18181818181818   -0.00000000000000   -0.18181818181818             1
    0.27272727272727    0.00000000000000   -0.18181818181818             1
    0.36363636363637   -0.00000000000000   -0.18181818181818             1
    0.45454545454545    0.00000000000000   -0.18181818181818             1
   -0.45454545454545    0.00000000000000   -0.18181818181818             1
   -0.36363636363637    0.00000000000000   -0.18181818181818             1
   -0.27272727272727   -0.00000000000000   -0.18181818181818             1
   -0.18181818181818    0.00000000000000   -0.18181818181818             1
   -0.09090909090909   -0.00000000000000   -0.18181818181818             1
    0.00000000000000    0.09090909090909   -0.18181818181818             1
    0.09090909090909    0.09090909090909   -0.18181818181818             1
    0.18181818181818    0.09090909090909   -0.18181818181818             1
    0.27272727272727    0.09090909090909   -0.18181818181818             1
    0.36363636363637    0.09090909090909   -0.18181818181818             1
    0.45454545454545    0.09090909090909   -0.18181818181818             1
   -0.45454545454545    0.09090909090909   -0.18181818181818             1
   -0.36363636363637    0.09090909090909   -0.18181818181818             1
   -0.27272727272727    0.09090909090909   -0.18181818181818             1
   -0.18181818181818    0.09090909090909   -0.18181818181818             1
   -0.09090909090909    0.09090909090909   -0.18181818181818             1
    0.00000000000000    0.18181818181818   -0.18181818181818             1
    0.09090909090909    0.18181818181818   -0.18181818181818             1
    0.18181818181818    0.18181818181818   -0.18181818181818             1
    0.27272727272727    0.18181818181818   -0.18181818181818             1
    0.36363636363637    0.18181818181818   -0.18181818181818             1
    0.45454545454545    0.18181818181818   -0.18181818181818             1
   -0.45454545454545    0.18181818181818   -0.18181818181818             1
   -0.36363636363637    0.18181818181818   -0.18181818181818             1
   -0.27272727272727    0.18181818181818   -0.18181818181818             1
   -0.18181818181818    0.18181818181818   -0.18181818181818             1
   -0.09090909090909    0.18181818181818   -0.18181818181818             1
    0.00000000000000    0.27272727272727   -0.18181818181818             1
    0.09090909090909    0.27272727272727   -0.18181818181818             1
    0.18181818181818    0.27272727272727   -0.18181818181818             1
    0.27272727272727    0.27272727272727   -0.18181818181818             1
    0.36363636363637    0.27272727272727   -0.18181818181818             1
    0.45454545454545    0.27272727272727   -0.18181818181818             1
   -0.45454545454545    0.27272727272727   -0.18181818181818             1
   -0.36363636363637    0.27272727272727   -0.18181818181818             1
   -0.27272727272727    0.27272727272727   -0.18181818181818             1
   -0.18181818181818    0.27272727272727   -0.18181818181818             1
   -0.09090909090909    0.27272727272727   -0.18181818181818             1
    0.00000000000000    0.36363636363637   -0.18181818181818             1
    0.09090909090909    0.36363636363637   -0.18181818181818             1
    0.18181818181818    0.36363636363637   -0.18181818181818             1
    0.27272727272727    0.36363636363637   -0.18181818181818             1
    0.36363636363637    0.36363636363637   -0.18181818181818             1
    0.45454545454545    0.36363636363637   -0.18181818181818             1
   -0.45454545454545    0.36363636363637   -0.18181818181818             1
   -0.36363636363637    0.36363636363637   -0.18181818181818             1
   -0.27272727272727    0.36363636363637   -0.18181818181818             1
   -0.18181818181818    0.36363636363637   -0.18181818181818             1
   -0.09090909090909    0.36363636363637   -0.18181818181818             1
    0.00000000000000    0.45454545454545   -0.18181818181818             1
    0.09090909090909    0.45454545454545   -0.18181818181818             1
    0.18181818181818    0.45454545454545   -0.18181818181818             1
    0.27272727272727    0.45454545454545   -0.18181818181818             1
    0.36363636363637    0.45454545454545   -0.18181818181818             1
    0.45454545454545    0.45454545454545   -0.18181818181818             1
   -0.45454545454545    0.45454545454545   -0.18181818181818             1
   -0.36363636363637    0.45454545454545   -0.18181818181818             1
   -0.27272727272727    0.45454545454545   -0.18181818181818             1
   -0.18181818181818    0.45454545454545   -0.18181818181818             1
   -0.09090909090909    0.45454545454545   -0.18181818181818             1
    0.00000000000000   -0.45454545454545   -0.18181818181818             1
    0.09090909090909   -0.45454545454545   -0.18181818181818             1
    0.18181818181818   -0.45454545454545   -0.18181818181818             1
    0.27272727272727   -0.45454545454545   -0.18181818181818             1
    0.36363636363637   -0.45454545454545   -0.18181818181818             1
    0.45454545454545   -0.45454545454545   -0.18181818181818             1
   -0.45454545454545   -0.45454545454545   -0.18181818181818             1
   -0.36363636363637   -0.45454545454545   -0.18181818181818             1
   -0.27272727272727   -0.45454545454545   -0.18181818181818             1
   -0.18181818181818   -0.45454545454545   -0.18181818181818             1
   -0.09090909090909   -0.45454545454545   -0.18181818181818             1
    0.00000000000000   -0.36363636363637   -0.18181818181818             1
    0.09090909090909   -0.36363636363637   -0.18181818181818             1
    0.18181818181818   -0.36363636363637   -0.18181818181818             1
    0.27272727272727   -0.36363636363637   -0.18181818181818             1
    0.36363636363637   -0.36363636363637   -0.18181818181818             1
    0.45454545454545   -0.36363636363637   -0.18181818181818             1
   -0.45454545454545   -0.36363636363637   -0.18181818181818             1
   -0.36363636363637   -0.36363636363637   -0.18181818181818             1
   -0.27272727272727   -0.36363636363637   -0.18181818181818             1
   -0.18181818181818   -0.36363636363637   -0.18181818181818             1
   -0.09090909090909   -0.36363636363637   -0.18181818181818             1
    0.00000000000000   -0.27272727272727   -0.18181818181818             1
    0.09090909090909   -0.27272727272727   -0.18181818181818             1
    0.18181818181818   -0.27272727272727   -0.18181818181818             1
    0.27272727272727   -0.27272727272727   -0.18181818181818             1
    0.36363636363637   -0.27272727272727   -0.18181818181818             1
    0.45454545454545   -0.27272727272727   -0.18181818181818             1
   -0.45454545454545   -0.27272727272727   -0.18181818181818             1
   -0.36363636363637   -0.27272727272727   -0.18181818181818             1
   -0.27272727272727   -0.27272727272727   -0.18181818181818             1
   -0.18181818181818   -0.27272727272727   -0.18181818181818             1
   -0.09090909090909   -0.27272727272727   -0.18181818181818             1
    0.00000000000000   -0.18181818181818   -0.18181818181818             1
    0.09090909090909   -0.18181818181818   -0.18181818181818             1
    0.18181818181818   -0.18181818181818   -0.18181818181818             1
    0.27272727272727   -0.18181818181818   -0.18181818181818             1
    0.36363636363637   -0.18181818181818   -0.18181818181818             1
    0.45454545454545   -0.18181818181818   -0.18181818181818             1
   -0.45454545454545   -0.18181818181818   -0.18181818181818             1
   -0.36363636363637   -0.18181818181818   -0.18181818181818             1
   -0.27272727272727   -0.18181818181818   -0.18181818181818             1
   -0.18181818181818   -0.18181818181818   -0.18181818181818             1
   -0.09090909090909   -0.18181818181818   -0.18181818181818             1
    0.00000000000000   -0.09090909090909   -0.18181818181818             1
    0.09090909090909   -0.09090909090909   -0.18181818181818             1
    0.18181818181818   -0.09090909090909   -0.18181818181818             1
    0.27272727272727   -0.09090909090909   -0.18181818181818             1
    0.36363636363637   -0.09090909090909   -0.18181818181818             1
    0.45454545454545   -0.09090909090909   -0.18181818181818             1
   -0.45454545454545   -0.09090909090909   -0.18181818181818             1
   -0.36363636363637   -0.09090909090909   -0.18181818181818             1
   -0.27272727272727   -0.09090909090909   -0.18181818181818             1
   -0.18181818181818   -0.09090909090909   -0.18181818181818             1
   -0.09090909090909   -0.09090909090909   -0.18181818181818             1
    0.00000000000000    0.00000000000000   -0.09090909090909             1
    0.09090909090909   -0.00000000000000   -0.09090909090909             1
    0.18181818181818   -0.00000000000000   -0.09090909090909             1
    0.27272727272727   -0.00000000000000   -0.09090909090909             1
    0.36363636363637   -0.00000000000000   -0.09090909090909             1
    0.45454545454545   -0.00000000000000   -0.09090909090909             1
   -0.45454545454545   -0.00000000000000   -0.09090909090909             1
   -0.36363636363637    0.00000000000000   -0.09090909090909             1
   -0.27272727272727    0.00000000000000   -0.09090909090909             1
   -0.18181818181818    0.00000000000000   -0.09090909090909             1
   -0.09090909090909    0.00000000000000   -0.09090909090909             1
    0.00000000000000    0.09090909090909   -0.09090909090909             1
    0.09090909090909    0.09090909090909   -0.09090909090909             1
    0.18181818181818    0.09090909090909   -0.09090909090909             1
    0.27272727272727    0.09090909090909   -0.09090909090909             1
    0.36363636363637    0.09090909090909   -0.09090909090909             1
    0.45454545454545    0.09090909090909   -0.09090909090909             1
   -0.45454545454545    0.09090909090909   -0.09090909090909             1
   -0.36363636363637    0.09090909090909   -0.09090909090909             1
   -0.27272727272727    0.09090909090909   -0.09090909090909             1
   -0.18181818181818    0.09090909090909   -0.09090909090909             1
   -0.09090909090909    0.09090909090909   -0.09090909090909             1
    0.00000000000000    0.18181818181818   -0.09090909090909             1
    0.09090909090909    0.18181818181818   -0.09090909090909             1
    0.18181818181818    0.18181818181818   -0.09090909090909             1
    0.27272727272727    0.18181818181818   -0.09090909090909             1
    0.36363636363637    0.18181818181818   -0.09090909090909             1
    0.45454545454545    0.18181818181818   -0.09090909090909             1
   -0.45454545454545    0.18181818181818   -0.09090909090909             1
   -0.36363636363637    0.18181818181818   -0.09090909090909             1
   -0.27272727272727    0.18181818181818   -0.09090909090909             1
   -0.18181818181818    0.18181818181818   -0.09090909090909             1
   -0.09090909090909    0.18181818181818   -0.09090909090909             1
    0.00000000000000    0.27272727272727   -0.09090909090909             1
    0.09090909090909    0.27272727272727   -0.09090909090909             1
    0.18181818181818    0.27272727272727   -0.09090909090909             1
    0.27272727272727    0.27272727272727   -0.09090909090909             1
    0.36363636363637    0.27272727272727   -0.09090909090909             1
    0.45454545454545    0.27272727272727   -0.09090909090909             1
   -0.45454545454545    0.27272727272727   -0.09090909090909             1
   -0.36363636363637    0.27272727272727   -0.09090909090909             1
   -0.27272727272727    0.27272727272727   -0.09090909090909             1
   -0.18181818181818    0.27272727272727   -0.09090909090909             1
   -0.09090909090909    0.27272727272727   -0.09090909090909             1
    0.00000000000000    0.36363636363637   -0.09090909090909             1
    0.09090909090909    0.36363636363637   -0.09090909090909             1
    0.18181818181818    0.36363636363637   -0.09090909090909             1
    0.27272727272727    0.36363636363637   -0.09090909090909             1
    0.36363636363637    0.36363636363637   -0.09090909090909             1
    0.45454545454545    0.36363636363637   -0.09090909090909             1
   -0.45454545454545    0.36363636363637   -0.09090909090909             1
   -0.36363636363637    0.36363636363637   -0.09090909090909             1
   -0.27272727272727    0.36363636363637   -0.09090909090909             1
   -0.18181818181818    0.36363636363637   -0.09090909090909             1
   -0.09090909090909    0.36363636363637   -0.09090909090909             1
    0.00000000000000    0.45454545454545   -0.09090909090909             1
    0.09090909090909    0.45454545454545   -0.09090909090909             1
    0.18181818181818    0.45454545454545   -0.09090909090909             1
    0.27272727272727    0.45454545454545   -0.09090909090909             1
    0.36363636363637    0.45454545454545   -0.09090909090909             1
    0.45454545454545    0.45454545454545   -0.09090909090909             1
   -0.45454545454545    0.45454545454545   -0.09090909090909             1
   -0.36363636363637    0.45454545454545   -0.09090909090909             1
   -0.27272727272727    0.45454545454545   -0.09090909090909             1
   -0.18181818181818    0.45454545454545   -0.09090909090909             1
   -0.09090909090909    0.45454545454545   -0.09090909090909             1
    0.00000000000000   -0.45454545454545   -0.09090909090909             1
    0.09090909090909   -0.45454545454545   -0.09090909090909             1
    0.18181818181818   -0.45454545454545   -0.09090909090909             1
    0.27272727272727   -0.45454545454545   -0.09090909090909             1
    0.36363636363637   -0.45454545454545   -0.09090909090909             1
    0.45454545454545   -0.45454545454545   -0.09090909090909             1
   -0.45454545454545   -0.45454545454545   -0.09090909090909             1
   -0.36363636363637   -0.45454545454545   -0.09090909090909             1
   -0.27272727272727   -0.45454545454545   -0.09090909090909             1
   -0.18181818181818   -0.45454545454545   -0.09090909090909             1
   -0.09090909090909   -0.45454545454545   -0.09090909090909             1
    0.00000000000000   -0.36363636363637   -0.09090909090909             1
    0.09090909090909   -0.36363636363637   -0.09090909090909             1
    0.18181818181818   -0.36363636363637   -0.09090909090909             1
    0.27272727272727   -0.36363636363637   -0.09090909090909             1
    0.36363636363637   -0.36363636363637   -0.09090909090909             1
    0.45454545454545   -0.36363636363637   -0.09090909090909             1
   -0.45454545454545   -0.36363636363637   -0.09090909090909             1
   -0.36363636363637   -0.36363636363637   -0.09090909090909             1
   -0.27272727272727   -0.36363636363637   -0.09090909090909             1
   -0.18181818181818   -0.36363636363637   -0.09090909090909             1
   -0.09090909090909   -0.36363636363637   -0.09090909090909             1
    0.00000000000000   -0.27272727272727   -0.09090909090909             1
    0.09090909090909   -0.27272727272727   -0.09090909090909             1
    0.18181818181818   -0.27272727272727   -0.09090909090909             1
    0.27272727272727   -0.27272727272727   -0.09090909090909             1
    0.36363636363637   -0.27272727272727   -0.09090909090909             1
    0.45454545454545   -0.27272727272727   -0.09090909090909             1
   -0.45454545454545   -0.27272727272727   -0.09090909090909             1
   -0.36363636363637   -0.27272727272727   -0.09090909090909             1
   -0.27272727272727   -0.27272727272727   -0.09090909090909             1
   -0.18181818181818   -0.27272727272727   -0.09090909090909             1
   -0.09090909090909   -0.27272727272727   -0.09090909090909             1
    0.00000000000000   -0.18181818181818   -0.09090909090909             1
    0.09090909090909   -0.18181818181818   -0.09090909090909             1
    0.18181818181818   -0.18181818181818   -0.09090909090909             1
    0.27272727272727   -0.18181818181818   -0.09090909090909             1
    0.36363636363637   -0.18181818181818   -0.09090909090909             1
    0.45454545454545   -0.18181818181818   -0.09090909090909             1
   -0.45454545454545   -0.18181818181818   -0.09090909090909             1
   -0.36363636363637   -0.18181818181818   -0.09090909090909             1
   -0.27272727272727   -0.18181818181818   -0.09090909090909             1
   -0.18181818181818   -0.18181818181818   -0.09090909090909             1
   -0.09090909090909   -0.18181818181818   -0.09090909090909             1
    0.00000000000000   -0.09090909090909   -0.09090909090909             1
    0.09090909090909   -0.09090909090909   -0.09090909090909             1
    0.18181818181818   -0.09090909090909   -0.09090909090909             1
    0.27272727272727   -0.09090909090909   -0.09090909090909             1
    0.36363636363637   -0.09090909090909   -0.09090909090909             1
    0.45454545454545   -0.09090909090909   -0.09090909090909             1
   -0.45454545454545   -0.09090909090909   -0.09090909090909             1
   -0.36363636363637   -0.09090909090909   -0.09090909090909             1
   -0.27272727272727   -0.09090909090909   -0.09090909090909             1
   -0.18181818181818   -0.09090909090909   -0.09090909090909             1
   -0.09090909090909   -0.09090909090909   -0.09090909090909             1
