Automatically generated mesh
     135
Reciprocal lattice
    0.00000000000000    0.00000000000000    0.00000000000000             1
    0.11111111111111    0.00000000000000    0.00000000000000             1
    0.22222222222222    0.00000000000000    0.00000000000000             1
    0.33333333333334    0.00000000000000    0.00000000000000             1
    0.44444444444444    0.00000000000000    0.00000000000000             1
   -0.44444444444444    0.00000000000000    0.00000000000000             1
   -0.33333333333334    0.00000000000000    0.00000000000000             1
   -0.22222222222222    0.00000000000000    0.00000000000000             1
   -0.11111111111111    0.00000000000000    0.00000000000000             1
    0.00000000000000    0.20000000000000    0.00000000000000             1
    0.11111111111111    0.20000000000000    0.00000000000000             1
    0.22222222222222    0.20000000000000    0.00000000000000             1
    0.33333333333334    0.20000000000000    0.00000000000000             1
    0.44444444444444    0.20000000000000    0.00000000000000             1
   -0.44444444444444    0.20000000000000    0.00000000000000             1
   -0.33333333333334    0.20000000000000    0.00000000000000             1
   -0.22222222222222    0.20000000000000    0.00000000000000             1
   -0.11111111111111    0.20000000000000    0.00000000000000             1
    0.00000000000000    0.40000000000000    0.00000000000000             1
    0.11111111111111    0.40000000000000    0.00000000000000             1
    0.22222222222222    0.40000000000000    0.00000000000000             1
    0.33333333333334    0.40000000000000    0.00000000000000             1
    0.44444444444444    0.40000000000000    0.00000000000000             1
   -0.44444444444444    0.40000000000000    0.00000000000000             1
   -0.33333333333334    0.40000000000000    0.00000000000000             1
   -0.22222222222222    0.40000000000000    0.00000000000000             1
   -0.11111111111111    0.40000000000000    0.00000000000000             1
    0.00000000000000   -0.40000000000000    0.00000000000000             1
    0.11111111111111   -0.40000000000000    0.00000000000000             1
    0.22222222222222   -0.40000000000000    0.00000000000000             1
    0.33333333333334   -0.40000000000000    0.00000000000000             1
    0.44444444444444   -0.40000000000000    0.00000000000000             1
   -0.44444444444444   -0.40000000000000    0.00000000000000             1
   -0.33333333333334   -0.40000000000000    0.00000000000000             1
   -0.22222222222222   -0.40000000000000    0.00000000000000             1
   -0.11111111111111   -0.40000000000000    0.00000000000000             1
    0.00000000000000   -0.20000000000000    0.00000000000000             1
    0.11111111111111   -0.20000000000000    0.00000000000000             1
    0.22222222222222   -0.20000000000000    0.00000000000000             1
    0.33333333333334   -0.20000000000000    0.00000000000000             1
    0.44444444444444   -0.20000000000000    0.00000000000000             1
   -0.44444444444444   -0.20000000000000    0.00000000000000             1
   -0.33333333333334   -0.20000000000000    0.00000000000000             1
   -0.22222222222222   -0.20000000000000    0.00000000000000             1
   -0.11111111111111   -0.20000000000000    0.00000000000000             1
    0.00000000000000    0.00000000000000    0.33333333333334             1
    0.11111111111111    0.00000000000000    0.33333333333334             1
    0.22222222222222    0.00000000000000    0.33333333333334             1
    0.33333333333334    0.00000000000000    0.33333333333334             1
    0.44444444444444    0.00000000000000    0.33333333333334             1
   -0.44444444444444    0.00000000000000    0.33333333333334             1
   -0.33333333333334    0.00000000000000    0.33333333333334             1
   -0.22222222222222    0.00000000000000    0.33333333333334             1
   -0.11111111111111    0.00000000000000    0.33333333333334             1
    0.00000000000000    0.20000000000000    0.33333333333334             1
    0.11111111111111    0.20000000000000    0.33333333333334             1
    0.22222222222222    0.20000000000000    0.33333333333334             1
    0.33333333333334    0.20000000000000    0.33333333333334             1
    0.44444444444444    0.20000000000000    0.33333333333334             1
   -0.44444444444444    0.20000000000000    0.33333333333334             1
   -0.33333333333334    0.20000000000000    0.33333333333334             1
   -0.22222222222222    0.20000000000000    0.33333333333334             1
   -0.11111111111111    0.20000000000000    0.33333333333334             1
    0.00000000000000    0.40000000000000    0.33333333333334             1
    0.11111111111111    0.40000000000000    0.33333333333334             1
    0.22222222222222    0.40000000000000    0.33333333333334             1
    0.33333333333334    0.40000000000000    0.33333333333334             1
    0.44444444444444    0.40000000000000    0.33333333333334             1
   -0.44444444444444    0.40000000000000    0.33333333333334             1
   -0.33333333333334    0.40000000000000    0.33333333333334             1
   -0.22222222222222    0.40000000000000    0.33333333333334             1
   -0.11111111111111    0.40000000000000    0.33333333333334             1
    0.00000000000000   -0.40000000000000    0.33333333333334             1
    0.11111111111111   -0.40000000000000    0.33333333333334             1
    0.22222222222222   -0.40000000000000    0.33333333333334             1
    0.33333333333334   -0.40000000000000    0.33333333333334             1
    0.44444444444444   -0.40000000000000    0.33333333333334             1
   -0.44444444444444   -0.40000000000000    0.33333333333334             1
   -0.33333333333334   -0.40000000000000    0.33333333333334             1
   -0.22222222222222   -0.40000000000000    0.33333333333334             1
   -0.11111111111111   -0.40000000000000    0.33333333333334             1
    0.00000000000000   -0.20000000000000    0.33333333333334             1
    0.11111111111111   -0.20000000000000    0.33333333333334             1
    0.22222222222222   -0.20000000000000    0.33333333333334             1
    0.33333333333334   -0.20000000000000    0.33333333333334             1
    0.44444444444444   -0.20000000000000    0.33333333333334             1
   -0.44444444444444   -0.20000000000000    0.33333333333334             1
   -0.33333333333334   -0.20000000000000    0.33333333333334             1
   -0.22222222222222   -0.20000000000000    0.33333333333334             1
   -0.11111111111111   -0.20000000000000    0.33333333333334             1
    0.00000000000000    0.00000000000000   -0.33333333333334             1
    0.11111111111111    0.00000000000000   -0.33333333333334             1
    0.22222222222222    0.00000000000000   -0.33333333333334             1
    0.33333333333334    0.00000000000000   -0.33333333333334             1
    0.44444444444444    0.00000000000000   -0.33333333333334             1
   -0.44444444444444    0.00000000000000   -0.33333333333334             1
   -0.33333333333334    0.00000000000000   -0.33333333333334             1
   -0.22222222222222    0.00000000000000   -0.33333333333334             1
   -0.11111111111111    0.00000000000000   -0.33333333333334             1
    0.00000000000000    0.20000000000000   -0.33333333333334             1
    0.11111111111111    0.20000000000000   -0.33333333333334             1
    0.22222222222222    0.20000000000000   -0.33333333333334             1
    0.33333333333334    0.20000000000000   -0.33333333333334             1
    0.44444444444444    0.20000000000000   -0.33333333333334             1
   -0.44444444444444    0.20000000000000   -0.33333333333334             1
   -0.33333333333334    0.20000000000000   -0.33333333333334             1
   -0.22222222222222    0.20000000000000   -0.33333333333334             1
   -0.11111111111111    0.20000000000000   -0.33333333333334             1
    0.00000000000000    0.40000000000000   -0.33333333333334             1
    0.11111111111111    0.40000000000000   -0.33333333333334             1
    0.22222222222222    0.40000000000000   -0.33333333333334             1
    0.33333333333334    0.40000000000000   -0.33333333333334             1
    0.44444444444444    0.40000000000000   -0.33333333333334             1
   -0.44444444444444    0.40000000000000   -0.33333333333334             1
   -0.33333333333334    0.40000000000000   -0.33333333333334             1
   -0.22222222222222    0.40000000000000   -0.33333333333334             1
   -0.11111111111111    0.40000000000000   -0.33333333333334             1
    0.00000000000000   -0.40000000000000   -0.33333333333334             1
    0.11111111111111   -0.40000000000000   -0.33333333333334             1
    0.22222222222222   -0.40000000000000   -0.33333333333334             1
    0.33333333333334   -0.40000000000000   -0.33333333333334             1
    0.44444444444444   -0.40000000000000   -0.33333333333334             1
   -0.44444444444444   -0.40000000000000   -0.33333333333334             1
   -0.33333333333334   -0.40000000000000   -0.33333333333334             1
   -0.22222222222222   -0.40000000000000   -0.33333333333334             1
   -0.11111111111111   -0.40000000000000   -0.33333333333334             1
    0.00000000000000   -0.20000000000000   -0.33333333333334             1
    0.11111111111111   -0.20000000000000   -0.33333333333334             1
    0.22222222222222   -0.20000000000000   -0.33333333333334             1
    0.33333333333334   -0.20000000000000   -0.33333333333334             1
    0.44444444444444   -0.20000000000000   -0.33333333333334             1
   -0.44444444444444   -0.20000000000000   -0.33333333333334             1
   -0.33333333333334   -0.20000000000000   -0.33333333333334             1
   -0.22222222222222   -0.20000000000000   -0.33333333333334             1
   -0.11111111111111   -0.20000000000000   -0.33333333333334             1
Tetrahedra
       810    0.00123456790123
         1        38        93       128       129
         1        38        92        93       128
         1         2        38        92        93
         1        38        39        93       129
         1         3        38        39        93
         1         2         3        38        93
         1         3        38        39        83
         1         2         3        38        83
         1         2         3        47        83
         1         3        39        83        84
         1         3        48        83        84
         1         3        47        48        83
         1        48        83        84       128
         1        47        48        83       128
         1        47        48        92       128
         1        48        84       128       129
         1        48        93       128       129
         1        48        92        93       128
         1        30        31        40        75
         1        30        39        40        75
         1        39        40        75        84
         1        31        40        75        76
         1        40        75        76        85
         1        40        75        84        85
         1        75        76        85       120
         1        75        84        85       120
         1        84        85       120       129
         1        76        85       120       121
         1        85       120       121       130
         1        85       120       129       130
         1        30       120       121       130
         1        30       120       129       130
         1        30        39       129       130
         1        30        31       121       130
         1        30        31        40       130
         1        30        39        40       130
         1        67        68        77       112
         1        67        76        77       112
         1        76        77       112       121
         1        68        77       112       113
         1        77       112       113       122
         1        77       112       121       122
         1        22       112       113       122
         1        22       112       121       122
         1        22        31       121       122
         1        22        23       113       122
         1        22        23        32       122
         1        22        31        32       122
         1        22        23        32        67
         1        22        31        32        67
         1        31        32        67        76
         1        23        32        67        68
         1        32        67        68        77
         1        32        67        76        77
         1        14       104       105       114
         1        14       104       113       114
         1        14        23       113       114
         1        14        15       105       114
         1        14        15        24       114
         1        14        23        24       114
         1        14        15        24        59
         1        14        23        24        59
         1        23        24        59        68
         1        15        24        59        60
         1        24        59        60        69
         1        24        59        68        69
         1        59        60        69       104
         1        59        68        69       104
         1        68        69       104       113
         1        60        69       104       105
         1        69       104       105       114
         1        69       104       113       114
         1         6         7        16        51
         1         6        15        16        51
         1        15        16        51        60
         1         7        16        51        52
         1        16        51        52        61
         1        16        51        60        61
         1        51        52        61        96
         1        51        60        61        96
         1        60        61        96       105
         1        52        61        96        97
         1        61        96        97       106
         1        61        96       105       106
         1         6        96        97       106
         1         6        96       105       106
         1         6        15       105       106
         1         6         7        97       106
         1         6         7        16       106
         1         6        15        16       106
         1        53        88        89       133
         1        52        53        88       133
         1        52        53        97       133
         1        53        89       133       134
         1        53        98       133       134
         1        53        97        98       133
         1        43        98       133       134
         1        43        97        98       133
         1         7        43        97        98
         1        43        44        98       134
         1         8        43        44        98
         1         7         8        43        98
         1         8        43        44        88
         1         7         8        43        88
         1         7         8        52        88
         1         8        44        88        89
         1         8        53        88        89
         1         8        52        53        88
         1        35       125       126       135
         1        35       125       134       135
         1        35        44       134       135
         1        35        36       126       135
         1        35        36        45       135
         1        35        44        45       135
         1        35        36        45        80
         1        35        44        45        80
         1        44        45        80        89
         1        36        45        80        81
         1        45        80        81        90
         1        45        80        89        90
         1        80        81        90       125
         1        80        89        90       125
         1        89        90       125       134
         1        81        90       125       126
         1        90       125       126       135
         1        90       125       134       135
         1        19        27        28        72
         1        27        28        36        72
         1        28        36        72        81
         1        19        28        64        72
         1        28        64        72        73
         1        28        72        73        81
         1        64        72        73       117
         1        72        73        81       117
         1        73        81       117       126
         1        64        73       109       117
         1        73       109       117       118
         1        73       117       118       126
         1        27       109       117       118
         1        27       117       118       126
         1        27        36       118       126
         1        19        27       109       118
         1        19        27        28       118
         1        27        28        36       118
         1        55        56        65       100
         1        55        64        65       100
         1        64        65       100       109
         1        56        65       100       101
         1        65       100       101       110
         1        65       100       109       110
         1        10       100       101       110
         1        10       100       109       110
         1        10        19       109       110
         1        10        11       101       110
         1        10        11        20       110
         1        10        19        20       110
         1        10        11        20        55
         1        10        19        20        55
         1        19        20        55        64
         1        11        20        55        56
         1        20        55        56        65
         1        20        55        64        65
         1         2        92        93       102
         1         2        92       101       102
         1         2        11       101       102
         1         2         3        93       102
         1         2         3        12       102
         1         2        11        12       102
         1         2         3        12        47
         1         2        11        12        47
         1        11        12        47        56
         1         3        12        47        48
         1        12        47        48        57
         1        12        47        56        57
         1        47        48        57        92
         1        47        56        57        92
         1        56        57        92       101
         1        48        57        92        93
         1        57        92        93       102
         1        57        92       101       102
         1         4        39        40        84
         1         3         4        39        84
         1         3         4        48        84
         1         4        40        84        85
         1         4        49        84        85
         1         4        48        49        84
         1        49        84        85       129
         1        48        49        84       129
         1        48        49        93       129
         1        49        85       129       130
         1        49        94       129       130
         1        49        93        94       129
         1        39        94       129       130
         1        39        93        94       129
         1         3        39        93        94
         1        39        40        94       130
         1         4        39        40        94
         1         3         4        39        94
         1        76        77        86       121
         1        76        85        86       121
         1        85        86       121       130
         1        77        86       121       122
         1        86       121       122       131
         1        86       121       130       131
         1        31       121       122       131
         1        31       121       130       131
         1        31        40       130       131
         1        31        32       122       131
         1        31        32        41       131
         1        31        40        41       131
         1        31        32        41        76
         1        31        40        41        76
         1        40        41        76        85
         1        32        41        76        77
         1        41        76        77        86
         1        41        76        85        86
         1        23       113       114       123
         1        23       113       122       123
         1        23        32       122       123
         1        23        24       114       123
         1        23        24        33       123
         1        23        32        33       123
         1        23        24        33        68
         1        23        32        33        68
         1        32        33        68        77
         1        24        33        68        69
         1        33        68        69        78
         1        33        68        77        78
         1        68        69        78       113
         1        68        77        78       113
         1        77        78       113       122
         1        69        78       113       114
         1        78       113       114       123
         1        78       113       122       123
         1        15        16        25        60
         1        15        24        25        60
         1        24        25        60        69
         1        16        25        60        61
         1        25        60        61        70
         1        25        60        69        70
         1        60        61        70       105
         1        60        69        70       105
         1        69        70       105       114
         1        61        70       105       106
         1        70       105       106       115
         1        70       105       114       115
         1        15       105       106       115
         1        15       105       114       115
         1        15        24       114       115
         1        15        16       106       115
         1        15        16        25       115
         1        15        24        25       115
         1        52        53        62        97
         1        52        61        62        97
         1        61        62        97       106
         1        53        62        97        98
         1        62        97        98       107
         1        62        97       106       107
         1         7        97        98       107
         1         7        97       106       107
         1         7        16       106       107
         1         7         8        98       107
         1         7         8        17       107
         1         7        16        17       107
         1         7         8        17        52
         1         7        16        17        52
         1        16        17        52        61
         1         8        17        52        53
         1        17        52        53        62
         1        17        52        61        62
         1        44        99       134       135
         1        44        98        99       134
         1         8        44        98        99
         1        44        45        99       135
         1         9        44        45        99
         1         8         9        44        99
         1         9        44        45        89
         1         8         9        44        89
         1         8         9        53        89
         1         9        45        89        90
         1         9        54        89        90
         1         9        53        54        89
         1        54        89        90       134
         1        53        54        89       134
         1        53        54        98       134
         1        54        90       134       135
         1        54        99       134       135
         1        54        98        99       134
         1        28        36        37        81
         1        36        37        45        81
         1        37        45        81        90
         1        28        37        73        81
         1        37        73        81        82
         1        37        81        82        90
         1        73        81        82       126
         1        81        82        90       126
         1        82        90       126       135
         1        73        82       118       126
         1        82       118       126       127
         1        82       126       127       135
         1        36       118       126       127
         1        36       126       127       135
         1        36        45       127       135
         1        28        36       118       127
         1        28        36        37       127
         1        36        37        45       127
         1        64        65        74       109
         1        64        73        74       109
         1        73        74       109       118
         1        65        74       109       110
         1        74       109       110       119
         1        74       109       118       119
         1        19       109       110       119
         1        19       109       118       119
         1        19        28       118       119
         1        19        20       110       119
         1        19        20        29       119
         1        19        28        29       119
         1        19        20        29        64
         1        19        28        29        64
         1        28        29        64        73
         1        20        29        64        65
         1        29        64        65        74
         1        29        64        73        74
         1        11       101       102       111
         1        11       101       110       111
         1        11        20       110       111
         1        11        12       102       111
         1        11        12        21       111
         1        11        20        21       111
         1        11        12        21        56
         1        11        20        21        56
         1        20        21        56        65
         1        12        21        56        57
         1        21        56        57        66
         1        21        56        65        66
         1        56        57        66       101
         1        56        65        66       101
         1        65        66       101       110
         1        57        66       101       102
         1        66       101       102       111
         1        66       101       110       111
         1         3         4        13        48
         1         3        12        13        48
         1        12        13        48        57
         1         4        13        48        49
         1        13        48        49        58
         1        13        48        57        58
         1        48        49        58        93
         1        48        57        58        93
         1        57        58        93       102
         1        49        58        93        94
         1        58        93        94       103
         1        58        93       102       103
         1         3        93        94       103
         1         3        93       102       103
         1         3        12       102       103
         1         3         4        94       103
         1         3         4        13       103
         1         3        12        13       103
         1        50        85        86       130
         1        49        50        85       130
         1        49        50        94       130
         1        50        86       130       131
         1        50        95       130       131
         1        50        94        95       130
         1        40        95       130       131
         1        40        94        95       130
         1         4        40        94        95
         1        40        41        95       131
         1         5        40        41        95
         1         4         5        40        95
         1         5        40        41        85
         1         4         5        40        85
         1         4         5        49        85
         1         5        41        85        86
         1         5        50        85        86
         1         5        49        50        85
         1        32       122       123       132
         1        32       122       131       132
         1        32        41       131       132
         1        32        33       123       132
         1        32        33        42       132
         1        32        41        42       132
         1        32        33        42        77
         1        32        41        42        77
         1        41        42        77        86
         1        33        42        77        78
         1        42        77        78        87
         1        42        77        86        87
         1        77        78        87       122
         1        77        86        87       122
         1        86        87       122       131
         1        78        87       122       123
         1        87       122       123       132
         1        87       122       131       132
         1        24        25        34        69
         1        24        33        34        69
         1        33        34        69        78
         1        25        34        69        70
         1        34        69        70        79
         1        34        69        78        79
         1        69        70        79       114
         1        69        78        79       114
         1        78        79       114       123
         1        70        79       114       115
         1        79       114       115       124
         1        79       114       123       124
         1        24       114       115       124
         1        24       114       123       124
         1        24        33       123       124
         1        24        25       115       124
         1        24        25        34       124
         1        24        33        34       124
         1        61        62        71       106
         1        61        70        71       106
         1        70        71       106       115
         1        62        71       106       107
         1        71       106       107       116
         1        71       106       115       116
         1        16       106       107       116
         1        16       106       115       116
         1        16        25       115       116
         1        16        17       107       116
         1        16        17        26       116
         1        16        25        26       116
         1        16        17        26        61
         1        16        25        26        61
         1        25        26        61        70
         1        17        26        61        62
         1        26        61        62        71
         1        26        61        70        71
         1         8        98        99       108
         1         8        98       107       108
         1         8        17       107       108
         1         8         9        99       108
         1         8         9        18       108
         1         8        17        18       108
         1         8         9        18        53
         1         8        17        18        53
         1        17        18        53        62
         1         9        18        53        54
         1        18        53        54        63
         1        18        53        62        63
         1        53        54        63        98
         1        53        62        63        98
         1        62        63        98       107
         1        54        63        98        99
         1        63        98        99       108
         1        63        98       107       108
         1         1        37        45        90
         1         1         9        45        90
         1         1         9        54        90
         1         1        37        82        90
         1         1        46        82        90
         1         1        46        54        90
         1        46        82        90       135
         1        46        54        90       135
         1        46        54        99       135
         1        46        82       127       135
         1        46        91       127       135
         1        46        91        99       135
         1        45        91       127       135
         1        45        91        99       135
         1         9        45        91        99
         1        37        45        91       127
         1         1        37        45        91
         1         1         9        45        91
         1        73        74        83       118
         1        73        82        83       118
         1        82        83       118       127
         1        74        83       118       119
         1        83       118       119       128
         1        83       118       127       128
         1        28       118       119       128
         1        28       118       127       128
         1        28        37       127       128
         1        28        29       119       128
         1        28        29        38       128
         1        28        37        38       128
         1        28        29        38        73
         1        28        37        38        73
         1        37        38        73        82
         1        29        38        73        74
         1        38        73        74        83
         1        38        73        82        83
         1        20       110       111       120
         1        20       110       119       120
         1        20        29       119       120
         1        20        21       111       120
         1        20        21        30       120
         1        20        29        30       120
         1        20        21        30        65
         1        20        29        30        65
         1        29        30        65        74
         1        21        30        65        66
         1        30        65        66        75
         1        30        65        74        75
         1        65        66        75       110
         1        65        74        75       110
         1        74        75       110       119
         1        66        75       110       111
         1        75       110       111       120
         1        75       110       119       120
         1        12        13        22        57
         1        12        21        22        57
         1        21        22        57        66
         1        13        22        57        58
         1        22        57        58        67
         1        22        57        66        67
         1        57        58        67       102
         1        57        66        67       102
         1        66        67       102       111
         1        58        67       102       103
         1        67       102       103       112
         1        67       102       111       112
         1        12       102       103       112
         1        12       102       111       112
         1        12        21       111       112
         1        12        13       103       112
         1        12        13        22       112
         1        12        21        22       112
         1        49        50        59        94
         1        49        58        59        94
         1        58        59        94       103
         1        50        59        94        95
         1        59        94        95       104
         1        59        94       103       104
         1         4        94        95       104
         1         4        94       103       104
         1         4        13       103       104
         1         4         5        95       104
         1         4         5        14       104
         1         4        13        14       104
         1         4         5        14        49
         1         4        13        14        49
         1        13        14        49        58
         1         5        14        49        50
         1        14        49        50        59
         1        14        49        58        59
         1        41        96       131       132
         1        41        95        96       131
         1         5        41        95        96
         1        41        42        96       132
         1         6        41        42        96
         1         5         6        41        96
         1         6        41        42        86
         1         5         6        41        86
         1         5         6        50        86
         1         6        42        86        87
         1         6        51        86        87
         1         6        50        51        86
         1        51        86        87       131
         1        50        51        86       131
         1        50        51        95       131
         1        51        87       131       132
         1        51        96       131       132
         1        51        95        96       131
         1        33        34        43        78
         1        33        42        43        78
         1        42        43        78        87
         1        34        43        78        79
         1        43        78        79        88
         1        43        78        87        88
         1        78        79        88       123
         1        78        87        88       123
         1        87        88       123       132
         1        79        88       123       124
         1        88       123       124       133
         1        88       123       132       133
         1        33       123       124       133
         1        33       123       132       133
         1        33        42       132       133
         1        33        34       124       133
         1        33        34        43       133
         1        33        42        43       133
         1        70        71        80       115
         1        70        79        80       115
         1        79        80       115       124
         1        71        80       115       116
         1        80       115       116       125
         1        80       115       124       125
         1        25       115       116       125
         1        25       115       124       125
         1        25        34       124       125
         1        25        26       116       125
         1        25        26        35       125
         1        25        34        35       125
         1        25        26        35        70
         1        25        34        35        70
         1        34        35        70        79
         1        26        35        70        71
         1        35        70        71        80
         1        35        70        79        80
         1        17       107       108       117
         1        17       107       116       117
         1        17        26       116       117
         1        17        18       108       117
         1        17        18        27       117
         1        17        26        27       117
         1        17        18        27        62
         1        17        26        27        62
         1        26        27        62        71
         1        18        27        62        63
         1        27        62        63        72
         1        27        62        71        72
         1        62        63        72       107
         1        62        71        72       107
         1        71        72       107       116
         1        63        72       107       108
         1        72       107       108       117
         1        72       107       116       117
         1         1         9        10        54
         1         9        10        18        54
         1        10        18        54        63
         1         1        10        46        54
         1        10        46        54        55
         1        10        54        55        63
         1        46        54        55        99
         1        54        55        63        99
         1        55        63        99       108
         1        46        55        91        99
         1        55        91        99       100
         1        55        99       100       108
         1         9        91        99       100
         1         9        99       100       108
         1         9        18       100       108
         1         1         9        91       100
         1         1         9        10       100
         1         9        10        18       100
         1        47        82        83       127
         1        46        47        82       127
         1        46        47        91       127
         1        47        83       127       128
         1        47        92       127       128
         1        47        91        92       127
         1        37        92       127       128
         1        37        91        92       127
         1         1        37        91        92
         1        37        38        92       128
         1         2        37        38        92
         1         1         2        37        92
         1         2        37        38        82
         1         1         2        37        82
         1         1         2        46        82
         1         2        38        82        83
         1         2        47        82        83
         1         2        46        47        82
         1        29       119       120       129
         1        29       119       128       129
         1        29        38       128       129
         1        29        30       120       129
         1        29        30        39       129
         1        29        38        39       129
         1        29        30        39        74
         1        29        38        39        74
         1        38        39        74        83
         1        30        39        74        75
         1        39        74        75        84
         1        39        74        83        84
         1        74        75        84       119
         1        74        83        84       119
         1        83        84       119       128
         1        75        84       119       120
         1        84       119       120       129
         1        84       119       128       129
         1        21        22        31        66
         1        21        30        31        66
         1        30        31        66        75
         1        22        31        66        67
         1        31        66        67        76
         1        31        66        75        76
         1        66        67        76       111
         1        66        75        76       111
         1        75        76       111       120
         1        67        76       111       112
         1        76       111       112       121
         1        76       111       120       121
         1        21       111       112       121
         1        21       111       120       121
         1        21        30       120       121
         1        21        22       112       121
         1        21        22        31       121
         1        21        30        31       121
         1        58        59        68       103
         1        58        67        68       103
         1        67        68       103       112
         1        59        68       103       104
         1        68       103       104       113
         1        68       103       112       113
         1        13       103       104       113
         1        13       103       112       113
         1        13        22       112       113
         1        13        14       104       113
         1        13        14        23       113
         1        13        22        23       113
         1        13        14        23        58
         1        13        22        23        58
         1        22        23        58        67
         1        14        23        58        59
         1        23        58        59        68
         1        23        58        67        68
         1         5        95        96       105
         1         5        95       104       105
         1         5        14       104       105
         1         5         6        96       105
         1         5         6        15       105
         1         5        14        15       105
         1         5         6        15        50
         1         5        14        15        50
         1        14        15        50        59
         1         6        15        50        51
         1        15        50        51        60
         1        15        50        59        60
         1        50        51        60        95
         1        50        59        60        95
         1        59        60        95       104
         1        51        60        95        96
         1        60        95        96       105
         1        60        95       104       105
         1         7        42        43        87
         1         6         7        42        87
         1         6         7        51        87
         1         7        43        87        88
         1         7        52        87        88
         1         7        51        52        87
         1        52        87        88       132
         1        51        52        87       132
         1        51        52        96       132
         1        52        88       132       133
         1        52        97       132       133
         1        52        96        97       132
         1        42        97       132       133
         1        42        96        97       132
         1         6        42        96        97
         1        42        43        97       133
         1         7        42        43        97
         1         6         7        42        97
         1        79        80        89       124
         1        79        88        89       124
         1        88        89       124       133
         1        80        89       124       125
         1        89       124       125       134
         1        89       124       133       134
         1        34       124       125       134
         1        34       124       133       134
         1        34        43       133       134
         1        34        35       125       134
         1        34        35        44       134
         1        34        43        44       134
         1        34        35        44        79
         1        34        43        44        79
         1        43        44        79        88
         1        35        44        79        80
         1        44        79        80        89
         1        44        79        88        89
         1        26       116       117       126
         1        26       116       125       126
         1        26        35       125       126
         1        26        27       117       126
         1        26        27        36       126
         1        26        35        36       126
         1        26        27        36        71
         1        26        35        36        71
         1        35        36        71        80
         1        27        36        71        72
         1        36        71        72        81
         1        36        71        80        81
         1        71        72        81       116
         1        71        80        81       116
         1        80        81       116       125
         1        72        81       116       117
         1        81       116       117       126
         1        81       116       125       126
         1        10        18        19        63
         1        18        19        27        63
         1        19        27        63        72
         1        10        19        55        63
         1        19        55        63        64
         1        19        63        64        72
         1        55        63        64       108
         1        63        64        72       108
         1        64        72       108       117
         1        55        64       100       108
         1        64       100       108       109
         1        64       108       109       117
         1        18       100       108       109
         1        18       108       109       117
         1        18        27       109       117
         1        10        18       100       109
         1        10        18        19       109
         1        18        19        27       109
         1        46        47        56        91
         1        46        55        56        91
         1        55        56        91       100
         1        47        56        91        92
         1        56        91        92       101
         1        56        91       100       101
         1         1        91        92       101
         1         1        91       100       101
         1         1        10       100       101
         1         1         2        92       101
         1         1         2        11       101
         1         1        10        11       101
         1         1         2        11        46
         1         1        10        11        46
         1        10        11        46        55
         1         2        11        46        47
         1        11        46        47        56
         1        11        46        55        56
