Automatically generated mesh
     154
Reciprocal lattice
    0.00000000000000    0.00000000000000    0.00000000000000             1
    0.09090909090909   -0.00000000000000   -0.00000000000000             1
    0.18181818181818    0.00000000000000    0.00000000000000             1
    0.27272727272727    0.00000000000000    0.00000000000000             1
    0.36363636363637   -0.00000000000000    0.00000000000000             1
    0.45454545454545   -0.00000000000000    0.00000000000000             1
   -0.45454545454545    0.00000000000000    0.00000000000000             1
   -0.36363636363637    0.00000000000000   -0.00000000000000             1
   -0.27272727272727    0.00000000000000    0.00000000000000             1
   -0.18181818181818    0.00000000000000    0.00000000000000             1
   -0.09090909090909    0.00000000000000    0.00000000000000             1
    0.00000000000000    0.14285714285715    0.00000000000000             1
    0.09090909090909    0.14285714285715    0.00000000000000             1
    0.18181818181818    0.14285714285715    0.00000000000000             1
    0.27272727272727    0.14285714285715    0.00000000000000             1
    0.36363636363637    0.14285714285715    0.00000000000000             1
    0.45454545454545    0.14285714285715    0.00000000000000             1
   -0.45454545454545    0.14285714285715    0.00000000000000             1
   -0.36363636363637    0.14285714285715    0.00000000000000             1
   -0.27272727272727    0.14285714285715    0.00000000000000             1
   -0.18181818181818    0.14285714285715    0.00000000000000             1
   -0.09090909090909    0.14285714285715    0.00000000000000             1
    0.00000000000000    0.28571428571428    0.00000000000000             1
    0.09090909090909    0.28571428571428   -0.00000000000000             1
    0.18181818181818    0.28571428571428    0.00000000000000             1
    0.27272727272727    0.28571428571428   -0.00000000000000             1
    0.36363636363637    0.28571428571428    0.00000000000000             1
    0.45454545454545    0.28571428571428    0.00000000000000             1
   -0.45454545454545    0.28571428571428    0.00000000000000             1
   -0.36363636363637    0.28571428571428   -0.00000000000000             1
   -0.27272727272727    0.28571428571428    0.00000000000000             1
   -0.18181818181818    0.28571428571428    0.00000000000000             1
   -0.09090909090909    0.28571428571428    0.00000000000000             1
    0.00000000000000    0.42857142857143    0.00000000000000             1
    0.09090909090909    0.42857142857143    0.00000000000000             1
    0.18181818181818    0.42857142857143    0.00000000000000             1
    0.27272727272727    0.42857142857143    0.00000000000000             1
    0.36363636363637    0.42857142857143    0.00000000000000             1
    0.45454545454545    0.42857142857143    0.00000000000000             1
   -0.45454545454545    0.42857142857143    0.00000000000000             1
   -0.36363636363637    0.42857142857143   -0.00000000000000             1
   -0.27272727272727    0.42857142857143    0.00000000000000             1
   -0.18181818181818    0.42857142857143    0.00000000000000             1
   -0.09090909090909    0.42857142857143    0.00000000000000             1
    0.00000000000000   -0.42857142857143   -0.00000000000000             1
    0.09090909090909   -0.42857142857143   -0.00000000000000             1
    0.18181818181818   -0.42857142857143    0.00000000000000             1
    0.27272727272727   -0.42857142857143   -0.00000000000000             1
    0.36363636363637   -0.42857142857143    0.00000000000000             1
    0.45454545454545   -0.42857142857143   -0.00000000000000             1
   -0.45454545454545   -0.42857142857143   -0.00000000000000             1
   -0.36363636363637   -0.42857142857143   -0.00000000000000             1
   -0.27272727272727   -0.42857142857143    0.00000000000000             1
   -0.18181818181818   -0.42857142857143    0.00000000000000             1
   -0.09090909090909   -0.42857142857143    0.00000000000000             1
    0.00000000000000   -0.28571428571428   -0.00000000000000             1
    0.09090909090909   -0.28571428571428   -0.00000000000000             1
    0.18181818181818   -0.28571428571428   -0.00000000000000             1
    0.27272727272727   -0.28571428571428   -0.00000000000000             1
    0.36363636363637   -0.28571428571428    0.00000000000000             1
    0.45454545454545   -0.28571428571428   -0.00000000000000             1
   -0.45454545454545   -0.28571428571428    0.00000000000000             1
   -0.36363636363637   -0.28571428571428   -0.00000000000000             1
   -0.27272727272727   -0.28571428571428    0.00000000000000             1
   -0.18181818181818   -0.28571428571428    0.00000000000000             1
   -0.09090909090909   -0.28571428571428    0.00000000000000             1
    0.00000000000000   -0.14285714285715   -0.00000000000000             1
    0.09090909090909   -0.14285714285715   -0.00000000000000             1
    0.18181818181818   -0.14285714285715   -0.00000000000000             1
    0.27272727272727   -0.14285714285715    0.00000000000000             1
    0.36363636363637   -0.14285714285715    0.00000000000000             1
    0.45454545454545   -0.14285714285715   -0.00000000000000             1
   -0.45454545454545   -0.14285714285715   -0.00000000000000             1
   -0.36363636363637   -0.14285714285715   -0.00000000000000             1
   -0.27272727272727   -0.14285714285715    0.00000000000000             1
   -0.18181818181818   -0.14285714285715   -0.00000000000000             1
   -0.09090909090909   -0.14285714285715   -0.00000000000000             1
    0.00000000000000    0.00000000000000    0.50000000000000             1
    0.09090909090909   -0.00000000000000    0.50000000000000             1
    0.18181818181818    0.00000000000000    0.50000000000000             1
    0.27272727272727    0.00000000000000    0.50000000000000             1
    0.36363636363637   -0.00000000000000    0.50000000000000             1
    0.45454545454545   -0.00000000000000    0.50000000000000             1
   -0.45454545454545    0.00000000000000    0.50000000000000             1
   -0.36363636363637    0.00000000000000    0.50000000000000             1
   -0.27272727272727    0.00000000000000    0.50000000000000             1
   -0.18181818181818    0.00000000000000    0.50000000000000             1
   -0.09090909090909    0.00000000000000    0.50000000000000             1
    0.00000000000000    0.14285714285715    0.50000000000000             1
    0.09090909090909    0.14285714285715    0.50000000000000             1
    0.18181818181818    0.14285714285715    0.50000000000000             1
    0.27272727272727    0.14285714285715    0.50000000000000             1
    0.36363636363637    0.14285714285715    0.50000000000000             1
    0.45454545454545    0.14285714285715    0.50000000000000             1
   -0.45454545454545    0.14285714285715    0.50000000000000             1
   -0.36363636363637    0.14285714285715    0.50000000000000             1
   -0.27272727272727    0.14285714285715    0.50000000000000             1
   -0.18181818181818    0.14285714285715    0.50000000000000             1
   -0.09090909090909    0.14285714285715    0.50000000000000             1
    0.00000000000000    0.28571428571428    0.50000000000000             1
    0.09090909090909    0.28571428571428    0.50000000000000             1
    0.18181818181818    0.28571428571428    0.50000000000000             1
    0.27272727272727    0.28571428571428    0.50000000000000             1
    0.36363636363637    0.28571428571428    0.50000000000000             1
    0.45454545454545    0.28571428571428    0.50000000000000             1
   -0.45454545454545    0.28571428571428    0.50000000000000             1
   -0.36363636363637    0.28571428571428    0.50000000000000             1
   -0.27272727272727    0.28571428571428    0.50000000000000             1
   -0.18181818181818    0.28571428571428    0.50000000000000             1
   -0.09090909090909    0.28571428571428    0.50000000000000             1
    0.00000000000000    0.42857142857143    0.50000000000000             1
    0.09090909090909    0.42857142857143    0.50000000000000             1
    0.18181818181818    0.42857142857143    0.50000000000000             1
    0.27272727272727    0.42857142857143    0.50000000000000             1
    0.36363636363637    0.42857142857143    0.50000000000000             1
    0.45454545454545    0.42857142857143    0.50000000000000             1
   -0.45454545454545    0.42857142857143    0.50000000000000             1
   -0.36363636363637    0.42857142857143    0.50000000000000             1
   -0.27272727272727    0.42857142857143    0.50000000000000             1
   -0.18181818181818    0.42857142857143    0.50000000000000             1
   -0.09090909090909    0.42857142857143    0.50000000000000             1
    0.00000000000000   -0.42857142857143    0.50000000000000             1
    0.09090909090909   -0.42857142857143    0.50000000000000             1
    0.18181818181818   -0.42857142857143    0.50000000000000             1
    0.27272727272727   -0.42857142857143    0.50000000000000             1
    0.36363636363637   -0.42857142857143    0.50000000000000             1
    0.45454545454545   -0.42857142857143    0.50000000000000             1
   -0.45454545454545   -0.42857142857143    0.50000000000000             1
   -0.36363636363637   -0.42857142857143    0.50000000000000             1
   -0.27272727272727   -0.42857142857143    0.50000000000000             1
   -0.18181818181818   -0.42857142857143    0.50000000000000             1
   -0.09090909090909   -0.42857142857143    0.50000000000000             1
    0.00000000000000   -0.28571428571428    0.50000000000000             1
    0.09090909090909   -0.28571428571428    0.50000000000000             1
    0.18181818181818   -0.28571428571428    0.50000000000000             1
    0.27272727272727   -0.28571428571428    0.50000000000000             1
    0.36363636363637   -0.28571428571428    0.50000000000000             1
    0.45454545454545   -0.28571428571428    0.50000000000000             1
   -0.45454545454545   -0.28571428571428    0.50000000000000             1
   -0.36363636363637   -0.28571428571428    0.50000000000000             1
   -0.27272727272727   -0.28571428571428    0.50000000000000             1
   -0.18181818181818   -0.28571428571428    0.50000000000000             1
   -0.09090909090909   -0.28571428571428    0.50000000000000             1
    0.00000000000000   -0.14285714285715    0.50000000000000             1
    0.09090909090909   -0.14285714285715    0.50000000000000             1
    0.18181818181818   -0.14285714285715    0.50000000000000             1
    0.27272727272727   -0.14285714285715    0.50000000000000             1
    0.36363636363637   -0.14285714285715    0.50000000000000             1
    0.45454545454545   -0.14285714285715    0.50000000000000             1
   -0.45454545454545   -0.14285714285715    0.50000000000000             1
   -0.36363636363637   -0.14285714285715    0.50000000000000             1
   -0.27272727272727   -0.14285714285715    0.50000000000000             1
   -0.18181818181818   -0.14285714285715    0.50000000000000             1
   -0.09090909090909   -0.14285714285715    0.50000000000000             1
