Automatically generated mesh
      32
Reciprocal lattice
    0.12500000000000    0.12500000000000    0.25000000000000             1
    0.37500000000000    0.12500000000000    0.25000000000000             1
   -0.37500000000000    0.12500000000000    0.25000000000000             1
   -0.12500000000000    0.12500000000000    0.25000000000000             1
    0.12500000000000    0.37500000000000    0.25000000000000             1
    0.37500000000000    0.37500000000000    0.25000000000000             1
   -0.37500000000000    0.37500000000000    0.25000000000000             1
   -0.12500000000000    0.37500000000000    0.25000000000000             1
    0.12500000000000   -0.37500000000000    0.25000000000000             1
    0.37500000000000   -0.37500000000000    0.25000000000000             1
   -0.37500000000000   -0.37500000000000    0.25000000000000             1
   -0.12500000000000   -0.37500000000000    0.25000000000000             1
    0.12500000000000   -0.12500000000000    0.25000000000000             1
    0.37500000000000   -0.12500000000000    0.25000000000000             1
   -0.37500000000000   -0.12500000000000    0.25000000000000             1
   -0.12500000000000   -0.12500000000000    0.25000000000000             1
    0.12500000000000    0.12500000000000   -0.25000000000000             1
    0.37500000000000    0.12500000000000   -0.25000000000000             1
   -0.37500000000000    0.12500000000000   -0.25000000000000             1
   -0.12500000000000    0.12500000000000   -0.25000000000000             1
    0.12500000000000    0.37500000000000   -0.25000000000000             1
    0.37500000000000    0.37500000000000   -0.25000000000000             1
   -0.37500000000000    0.37500000000000   -0.25000000000000             1
   -0.12500000000000    0.37500000000000   -0.25000000000000             1
    0.12500000000000   -0.37500000000000   -0.25000000000000             1
    0.37500000000000   -0.37500000000000   -0.25000000000000             1
   -0.37500000000000   -0.37500000000000   -0.25000000000000             1
   -0.12500000000000   -0.37500000000000   -0.25000000000000             1
    0.12500000000000   -0.12500000000000   -0.25000000000000             1
    0.37500000000000   -0.12500000000000   -0.25000000000000             1
   -0.37500000000000   -0.12500000000000   -0.25000000000000             1
   -0.12500000000000   -0.12500000000000   -0.25000000000000             1
