Automatically generated mesh
      96
Reciprocal lattice
    0.12500000000000    0.12500000000000    0.08333333333334             1
    0.37500000000000    0.12500000000000    0.08333333333334             1
   -0.37500000000000    0.12500000000000    0.08333333333334             1
   -0.12500000000000    0.12500000000000    0.08333333333334             1
    0.12500000000000    0.37500000000000    0.08333333333334             1
    0.37500000000000    0.37500000000000    0.08333333333334             1
   -0.37500000000000    0.37500000000000    0.08333333333334             1
   -0.12500000000000    0.37500000000000    0.08333333333334             1
    0.12500000000000   -0.37500000000000    0.08333333333334             1
    0.37500000000000   -0.37500000000000    0.08333333333334             1
   -0.37500000000000   -0.37500000000000    0.08333333333334             1
   -0.12500000000000   -0.37500000000000    0.08333333333334             1
    0.12500000000000   -0.12500000000000    0.08333333333334             1
    0.37500000000000   -0.12500000000000    0.08333333333334             1
   -0.37500000000000   -0.12500000000000    0.08333333333334             1
   -0.12500000000000   -0.12500000000000    0.08333333333334             1
    0.12500000000000    0.12500000000000    0.25000000000000             1
    0.37500000000000    0.12500000000000    0.25000000000000             1
   -0.37500000000000    0.12500000000000    0.25000000000000             1
   -0.12500000000000    0.12500000000000    0.25000000000000             1
    0.12500000000000    0.37500000000000    0.25000000000000             1
    0.37500000000000    0.37500000000000    0.25000000000000             1
   -0.37500000000000    0.37500000000000    0.25000000000000             1
   -0.12500000000000    0.37500000000000    0.25000000000000             1
    0.12500000000000   -0.37500000000000    0.25000000000000             1
    0.37500000000000   -0.37500000000000    0.25000000000000             1
   -0.37500000000000   -0.37500000000000    0.25000000000000             1
   -0.12500000000000   -0.37500000000000    0.25000000000000             1
    0.12500000000000   -0.12500000000000    0.25000000000000             1
    0.37500000000000   -0.12500000000000    0.25000000000000             1
   -0.37500000000000   -0.12500000000000    0.25000000000000             1
   -0.12500000000000   -0.12500000000000    0.25000000000000             1
    0.12500000000000    0.12500000000000    0.41666666666666             1
    0.37500000000000    0.12500000000000    0.41666666666666             1
   -0.37500000000000    0.12500000000000    0.41666666666666             1
   -0.12500000000000    0.12500000000000    0.41666666666666             1
    0.12500000000000    0.37500000000000    0.41666666666666             1
    0.37500000000000    0.37500000000000    0.41666666666666             1
   -0.37500000000000    0.37500000000000    0.41666666666666             1
   -0.12500000000000    0.37500000000000    0.41666666666666             1
    0.12500000000000   -0.37500000000000    0.41666666666666             1
    0.37500000000000   -0.37500000000000    0.41666666666666             1
   -0.37500000000000   -0.37500000000000    0.41666666666666             1
   -0.12500000000000   -0.37500000000000    0.41666666666666             1
    0.12500000000000   -0.12500000000000    0.41666666666666             1
    0.37500000000000   -0.12500000000000    0.41666666666666             1
   -0.37500000000000   -0.12500000000000    0.41666666666666             1
   -0.12500000000000   -0.12500000000000    0.41666666666666             1
    0.12500000000000    0.12500000000000   -0.41666666666666             1
    0.37500000000000    0.12500000000000   -0.41666666666666             1
   -0.37500000000000    0.12500000000000   -0.41666666666666             1
   -0.12500000000000    0.12500000000000   -0.41666666666666             1
    0.12500000000000    0.37500000000000   -0.41666666666666             1
    0.37500000000000    0.37500000000000   -0.41666666666666             1
   -0.37500000000000    0.37500000000000   -0.41666666666666             1
   -0.12500000000000    0.37500000000000   -0.41666666666666             1
    0.12500000000000   -0.37500000000000   -0.41666666666666             1
    0.37500000000000   -0.37500000000000   -0.41666666666666             1
   -0.37500000000000   -0.37500000000000   -0.41666666666666             1
   -0.12500000000000   -0.37500000000000   -0.41666666666666             1
    0.12500000000000   -0.12500000000000   -0.41666666666666             1
    0.37500000000000   -0.12500000000000   -0.41666666666666             1
   -0.37500000000000   -0.12500000000000   -0.41666666666666             1
   -0.12500000000000   -0.12500000000000   -0.41666666666666             1
    0.12500000000000    0.12500000000000   -0.25000000000000             1
    0.37500000000000    0.12500000000000   -0.25000000000000             1
   -0.37500000000000    0.12500000000000   -0.25000000000000             1
   -0.12500000000000    0.12500000000000   -0.25000000000000             1
    0.12500000000000    0.37500000000000   -0.25000000000000             1
    0.37500000000000    0.37500000000000   -0.25000000000000             1
   -0.37500000000000    0.37500000000000   -0.25000000000000             1
   -0.12500000000000    0.37500000000000   -0.25000000000000             1
    0.12500000000000   -0.37500000000000   -0.25000000000000             1
    0.37500000000000   -0.37500000000000   -0.25000000000000             1
   -0.37500000000000   -0.37500000000000   -0.25000000000000             1
   -0.12500000000000   -0.37500000000000   -0.25000000000000             1
    0.12500000000000   -0.12500000000000   -0.25000000000000             1
    0.37500000000000   -0.12500000000000   -0.25000000000000             1
   -0.37500000000000   -0.12500000000000   -0.25000000000000             1
   -0.12500000000000   -0.12500000000000   -0.25000000000000             1
    0.12500000000000    0.12500000000000   -0.08333333333334             1
    0.37500000000000    0.12500000000000   -0.08333333333334             1
   -0.37500000000000    0.12500000000000   -0.08333333333334             1
   -0.12500000000000    0.12500000000000   -0.08333333333334             1
    0.12500000000000    0.37500000000000   -0.08333333333334             1
    0.37500000000000    0.37500000000000   -0.08333333333334             1
   -0.37500000000000    0.37500000000000   -0.08333333333334             1
   -0.12500000000000    0.37500000000000   -0.08333333333334             1
    0.12500000000000   -0.37500000000000   -0.08333333333334             1
    0.37500000000000   -0.37500000000000   -0.08333333333334             1
   -0.37500000000000   -0.37500000000000   -0.08333333333334             1
   -0.12500000000000   -0.37500000000000   -0.08333333333334             1
    0.12500000000000   -0.12500000000000   -0.08333333333334             1
    0.37500000000000   -0.12500000000000   -0.08333333333334             1
   -0.37500000000000   -0.12500000000000   -0.08333333333334             1
   -0.12500000000000   -0.12500000000000   -0.08333333333334             1
