Automatically generated mesh
     192
Reciprocal lattice
    0.06250000000000    0.08333333333334    0.12500000000000             1
    0.18750000000000    0.08333333333334    0.12500000000000             1
    0.31250000000000    0.08333333333334    0.12500000000000             1
    0.43750000000000    0.08333333333334    0.12500000000000             1
   -0.43750000000000    0.08333333333334    0.12500000000000             1
   -0.31250000000000    0.08333333333334    0.12500000000000             1
   -0.18750000000000    0.08333333333334    0.12500000000000             1
   -0.06250000000000    0.08333333333334    0.12500000000000             1
    0.06250000000000    0.25000000000000    0.12500000000000             1
    0.18750000000000    0.25000000000000    0.12500000000000             1
    0.31250000000000    0.25000000000000    0.12500000000000             1
    0.43750000000000    0.25000000000000    0.12500000000000             1
   -0.43750000000000    0.25000000000000    0.12500000000000             1
   -0.31250000000000    0.25000000000000    0.12500000000000             1
   -0.18750000000000    0.25000000000000    0.12500000000000             1
   -0.06250000000000    0.25000000000000    0.12500000000000             1
    0.06250000000000    0.41666666666666    0.12500000000000             1
    0.18750000000000    0.41666666666666    0.12500000000000             1
    0.31250000000000    0.41666666666666    0.12500000000000             1
    0.43750000000000    0.41666666666666    0.12500000000000             1
   -0.43750000000000    0.41666666666666    0.12500000000000             1
   -0.31250000000000    0.41666666666666    0.12500000000000             1
   -0.18750000000000    0.41666666666666    0.12500000000000             1
   -0.06250000000000    0.41666666666666    0.12500000000000             1
    0.06250000000000   -0.41666666666666    0.12500000000000             1
    0.18750000000000   -0.41666666666666    0.12500000000000             1
    0.31250000000000   -0.41666666666666    0.12500000000000             1
    0.43750000000000   -0.41666666666666    0.12500000000000             1
   -0.43750000000000   -0.41666666666666    0.12500000000000             1
   -0.31250000000000   -0.41666666666666    0.12500000000000             1
   -0.18750000000000   -0.41666666666666    0.12500000000000             1
   -0.06250000000000   -0.41666666666666    0.12500000000000             1
    0.06250000000000   -0.25000000000000    0.12500000000000             1
    0.18750000000000   -0.25000000000000    0.12500000000000             1
    0.31250000000000   -0.25000000000000    0.12500000000000             1
    0.43750000000000   -0.25000000000000    0.12500000000000             1
   -0.43750000000000   -0.25000000000000    0.12500000000000             1
   -0.31250000000000   -0.25000000000000    0.12500000000000             1
   -0.18750000000000   -0.25000000000000    0.12500000000000             1
   -0.06250000000000   -0.25000000000000    0.12500000000000             1
    0.06250000000000   -0.08333333333334    0.12500000000000             1
    0.18750000000000   -0.08333333333334    0.12500000000000             1
    0.31250000000000   -0.08333333333334    0.12500000000000             1
    0.43750000000000   -0.08333333333334    0.12500000000000             1
   -0.43750000000000   -0.08333333333334    0.12500000000000             1
   -0.31250000000000   -0.08333333333334    0.12500000000000             1
   -0.18750000000000   -0.08333333333334    0.12500000000000             1
   -0.06250000000000   -0.08333333333334    0.12500000000000             1
    0.06250000000000    0.08333333333334    0.37500000000000             1
    0.18750000000000    0.08333333333334    0.37500000000000             1
    0.31250000000000    0.08333333333334    0.37500000000000             1
    0.43750000000000    0.08333333333334    0.37500000000000             1
   -0.43750000000000    0.08333333333334    0.37500000000000             1
   -0.31250000000000    0.08333333333334    0.37500000000000             1
   -0.18750000000000    0.08333333333334    0.37500000000000             1
   -0.06250000000000    0.08333333333334    0.37500000000000             1
    0.06250000000000    0.25000000000000    0.37500000000000             1
    0.18750000000000    0.25000000000000    0.37500000000000             1
    0.31250000000000    0.25000000000000    0.37500000000000             1
    0.43750000000000    0.25000000000000    0.37500000000000             1
   -0.43750000000000    0.25000000000000    0.37500000000000             1
   -0.31250000000000    0.25000000000000    0.37500000000000             1
   -0.18750000000000    0.25000000000000    0.37500000000000             1
   -0.06250000000000    0.25000000000000    0.37500000000000             1
    0.06250000000000    0.41666666666666    0.37500000000000             1
    0.18750000000000    0.41666666666666    0.37500000000000             1
    0.31250000000000    0.41666666666666    0.37500000000000             1
    0.43750000000000    0.41666666666666    0.37500000000000             1
   -0.43750000000000    0.41666666666666    0.37500000000000             1
   -0.31250000000000    0.41666666666666    0.37500000000000             1
   -0.18750000000000    0.41666666666666    0.37500000000000             1
   -0.06250000000000    0.41666666666666    0.37500000000000             1
    0.06250000000000   -0.41666666666666    0.37500000000000             1
    0.18750000000000   -0.41666666666666    0.37500000000000             1
    0.31250000000000   -0.41666666666666    0.37500000000000             1
    0.43750000000000   -0.41666666666666    0.37500000000000             1
   -0.43750000000000   -0.41666666666666    0.37500000000000             1
   -0.31250000000000   -0.41666666666666    0.37500000000000             1
   -0.18750000000000   -0.41666666666666    0.37500000000000             1
   -0.06250000000000   -0.41666666666666    0.37500000000000             1
    0.06250000000000   -0.25000000000000    0.37500000000000             1
    0.18750000000000   -0.25000000000000    0.37500000000000             1
    0.31250000000000   -0.25000000000000    0.37500000000000             1
    0.43750000000000   -0.25000000000000    0.37500000000000             1
   -0.43750000000000   -0.25000000000000    0.37500000000000             1
   -0.31250000000000   -0.25000000000000    0.37500000000000             1
   -0.18750000000000   -0.25000000000000    0.37500000000000             1
   -0.06250000000000   -0.25000000000000    0.37500000000000             1
    0.06250000000000   -0.08333333333334    0.37500000000000             1
    0.18750000000000   -0.08333333333334    0.37500000000000             1
    0.31250000000000   -0.08333333333334    0.37500000000000             1
    0.43750000000000   -0.08333333333334    0.37500000000000             1
   -0.43750000000000   -0.08333333333334    0.37500000000000             1
   -0.31250000000000   -0.08333333333334    0.37500000000000             1
   -0.18750000000000   -0.08333333333334    0.37500000000000             1
   -0.06250000000000   -0.08333333333334    0.37500000000000             1
    0.06250000000000    0.08333333333334   -0.37500000000000             1
    0.18750000000000    0.08333333333334   -0.37500000000000             1
    0.31250000000000    0.08333333333334   -0.37500000000000             1
    0.43750000000000    0.08333333333334   -0.37500000000000             1
   -0.43750000000000    0.08333333333334   -0.37500000000000             1
   -0.31250000000000    0.08333333333334   -0.37500000000000             1
   -0.18750000000000    0.08333333333334   -0.37500000000000             1
   -0.06250000000000    0.08333333333334   -0.37500000000000             1
    0.06250000000000    0.25000000000000   -0.37500000000000             1
    0.18750000000000    0.25000000000000   -0.37500000000000             1
    0.31250000000000    0.25000000000000   -0.37500000000000             1
    0.43750000000000    0.25000000000000   -0.37500000000000             1
   -0.43750000000000    0.25000000000000   -0.37500000000000             1
   -0.31250000000000    0.25000000000000   -0.37500000000000             1
   -0.18750000000000    0.25000000000000   -0.37500000000000             1
   -0.06250000000000    0.25000000000000   -0.37500000000000             1
    0.06250000000000    0.41666666666666   -0.37500000000000             1
    0.18750000000000    0.41666666666666   -0.37500000000000             1
    0.31250000000000    0.41666666666666   -0.37500000000000             1
    0.43750000000000    0.41666666666666   -0.37500000000000             1
   -0.43750000000000    0.41666666666666   -0.37500000000000             1
   -0.31250000000000    0.41666666666666   -0.37500000000000             1
   -0.18750000000000    0.41666666666666   -0.37500000000000             1
   -0.06250000000000    0.41666666666666   -0.37500000000000             1
    0.06250000000000   -0.41666666666666   -0.37500000000000             1
    0.18750000000000   -0.41666666666666   -0.37500000000000             1
    0.31250000000000   -0.41666666666666   -0.37500000000000             1
    0.43750000000000   -0.41666666666666   -0.37500000000000             1
   -0.43750000000000   -0.41666666666666   -0.37500000000000             1
   -0.31250000000000   -0.41666666666666   -0.37500000000000             1
   -0.18750000000000   -0.41666666666666   -0.37500000000000             1
   -0.06250000000000   -0.41666666666666   -0.37500000000000             1
    0.06250000000000   -0.25000000000000   -0.37500000000000             1
    0.18750000000000   -0.25000000000000   -0.37500000000000             1
    0.31250000000000   -0.25000000000000   -0.37500000000000             1
    0.43750000000000   -0.25000000000000   -0.37500000000000             1
   -0.43750000000000   -0.25000000000000   -0.37500000000000             1
   -0.31250000000000   -0.25000000000000   -0.37500000000000             1
   -0.18750000000000   -0.25000000000000   -0.37500000000000             1
   -0.06250000000000   -0.25000000000000   -0.37500000000000             1
    0.06250000000000   -0.08333333333334   -0.37500000000000             1
    0.18750000000000   -0.08333333333334   -0.37500000000000             1
    0.31250000000000   -0.08333333333334   -0.37500000000000             1
    0.43750000000000   -0.08333333333334   -0.37500000000000             1
   -0.43750000000000   -0.08333333333334   -0.37500000000000             1
   -0.31250000000000   -0.08333333333334   -0.37500000000000             1
   -0.18750000000000   -0.08333333333334   -0.37500000000000             1
   -0.06250000000000   -0.08333333333334   -0.37500000000000             1
    0.06250000000000    0.08333333333334   -0.12500000000000             1
    0.18750000000000    0.08333333333334   -0.12500000000000             1
    0.31250000000000    0.08333333333334   -0.12500000000000             1
    0.43750000000000    0.08333333333334   -0.12500000000000             1
   -0.43750000000000    0.08333333333334   -0.12500000000000             1
   -0.31250000000000    0.08333333333334   -0.12500000000000             1
   -0.18750000000000    0.08333333333334   -0.12500000000000             1
   -0.06250000000000    0.08333333333334   -0.12500000000000             1
    0.06250000000000    0.25000000000000   -0.12500000000000             1
    0.18750000000000    0.25000000000000   -0.12500000000000             1
    0.31250000000000    0.25000000000000   -0.12500000000000             1
    0.43750000000000    0.25000000000000   -0.12500000000000             1
   -0.43750000000000    0.25000000000000   -0.12500000000000             1
   -0.31250000000000    0.25000000000000   -0.12500000000000             1
   -0.18750000000000    0.25000000000000   -0.12500000000000             1
   -0.06250000000000    0.25000000000000   -0.12500000000000             1
    0.06250000000000    0.41666666666666   -0.12500000000000             1
    0.18750000000000    0.41666666666666   -0.12500000000000             1
    0.31250000000000    0.41666666666666   -0.12500000000000             1
    0.43750000000000    0.41666666666666   -0.12500000000000             1
   -0.43750000000000    0.41666666666666   -0.12500000000000             1
   -0.31250000000000    0.41666666666666   -0.12500000000000             1
   -0.18750000000000    0.41666666666666   -0.12500000000000             1
   -0.06250000000000    0.41666666666666   -0.12500000000000             1
    0.06250000000000   -0.41666666666666   -0.12500000000000             1
    0.18750000000000   -0.41666666666666   -0.12500000000000             1
    0.31250000000000   -0.41666666666666   -0.12500000000000             1
    0.43750000000000   -0.41666666666666   -0.12500000000000             1
   -0.43750000000000   -0.41666666666666   -0.12500000000000             1
   -0.31250000000000   -0.41666666666666   -0.12500000000000             1
   -0.18750000000000   -0.41666666666666   -0.12500000000000             1
   -0.06250000000000   -0.41666666666666   -0.12500000000000             1
    0.06250000000000   -0.25000000000000   -0.12500000000000             1
    0.18750000000000   -0.25000000000000   -0.12500000000000             1
    0.31250000000000   -0.25000000000000   -0.12500000000000             1
    0.43750000000000   -0.25000000000000   -0.12500000000000             1
   -0.43750000000000   -0.25000000000000   -0.12500000000000             1
   -0.31250000000000   -0.25000000000000   -0.12500000000000             1
   -0.18750000000000   -0.25000000000000   -0.12500000000000             1
   -0.06250000000000   -0.25000000000000   -0.12500000000000             1
    0.06250000000000   -0.08333333333334   -0.12500000000000             1
    0.18750000000000   -0.08333333333334   -0.12500000000000             1
    0.31250000000000   -0.08333333333334   -0.12500000000000             1
    0.43750000000000   -0.08333333333334   -0.12500000000000             1
   -0.43750000000000   -0.08333333333334   -0.12500000000000             1
   -0.31250000000000   -0.08333333333334   -0.12500000000000             1
   -0.18750000000000   -0.08333333333334   -0.12500000000000             1
   -0.06250000000000   -0.08333333333334   -0.12500000000000             1
