Automatically generated mesh
     147
Reciprocal lattice
    0.00000000000000    0.00000000000000    0.00000000000000             1
    0.14285714285715    0.00000000000000    0.00000000000000             1
    0.28571428571428    0.00000000000000    0.00000000000000             1
    0.42857142857143    0.00000000000000    0.00000000000000             1
   -0.42857142857143   -0.00000000000000    0.00000000000000             1
   -0.28571428571428   -0.00000000000000    0.00000000000000             1
   -0.14285714285715    0.00000000000000    0.00000000000000             1
    0.00000000000000    0.14285714285715    0.00000000000000             1
    0.14285714285715    0.14285714285715    0.00000000000000             1
    0.28571428571428    0.14285714285715    0.00000000000000             1
    0.42857142857143    0.14285714285715    0.00000000000000             1
   -0.42857142857143    0.14285714285715    0.00000000000000             1
   -0.28571428571428    0.14285714285715    0.00000000000000             1
   -0.14285714285715    0.14285714285715    0.00000000000000             1
   -0.00000000000000    0.28571428571428    0.00000000000000             1
    0.14285714285715    0.28571428571428    0.00000000000000             1
    0.28571428571428    0.28571428571428    0.00000000000000             1
    0.42857142857143    0.28571428571428    0.00000000000000             1
   -0.42857142857143    0.28571428571428    0.00000000000000             1
   -0.28571428571428    0.28571428571428    0.00000000000000             1
   -0.14285714285715    0.28571428571428    0.00000000000000             1
   -0.00000000000000    0.42857142857143    0.00000000000000             1
    0.14285714285715    0.42857142857143    0.00000000000000             1
    0.28571428571428    0.42857142857143    0.00000000000000             1
    0.42857142857143    0.42857142857143    0.00000000000000             1
   -0.42857142857143    0.42857142857143    0.00000000000000             1
   -0.28571428571428    0.42857142857143    0.00000000000000             1
   -0.14285714285715    0.42857142857143    0.00000000000000             1
    0.00000000000000   -0.42857142857143    0.00000000000000             1
    0.14285714285715   -0.42857142857143    0.00000000000000             1
    0.28571428571428   -0.42857142857143    0.00000000000000             1
    0.42857142857143   -0.42857142857143    0.00000000000000             1
   -0.42857142857143   -0.42857142857143    0.00000000000000             1
   -0.28571428571428   -0.42857142857143    0.00000000000000             1
   -0.14285714285715   -0.42857142857143    0.00000000000000             1
    0.00000000000000   -0.28571428571428    0.00000000000000             1
    0.14285714285715   -0.28571428571428    0.00000000000000             1
    0.28571428571428   -0.28571428571428    0.00000000000000             1
    0.42857142857143   -0.28571428571428    0.00000000000000             1
   -0.42857142857143   -0.28571428571428    0.00000000000000             1
   -0.28571428571428   -0.28571428571428    0.00000000000000             1
   -0.14285714285715   -0.28571428571428    0.00000000000000             1
    0.00000000000000   -0.14285714285715    0.00000000000000             1
    0.14285714285715   -0.14285714285715    0.00000000000000             1
    0.28571428571428   -0.14285714285715    0.00000000000000             1
    0.42857142857143   -0.14285714285715    0.00000000000000             1
   -0.42857142857143   -0.14285714285715    0.00000000000000             1
   -0.28571428571428   -0.14285714285715    0.00000000000000             1
   -0.14285714285715   -0.14285714285715    0.00000000000000             1
    0.00000000000000    0.00000000000000    0.33333333333334             1
    0.14285714285715    0.00000000000000    0.33333333333334             1
    0.28571428571428    0.00000000000000    0.33333333333334             1
    0.42857142857143    0.00000000000000    0.33333333333334             1
   -0.42857142857143   -0.00000000000000    0.33333333333334             1
   -0.28571428571428   -0.00000000000000    0.33333333333334             1
   -0.14285714285715    0.00000000000000    0.33333333333334             1
    0.00000000000000    0.14285714285715    0.33333333333334             1
    0.14285714285715    0.14285714285715    0.33333333333334             1
    0.28571428571428    0.14285714285715    0.33333333333334             1
    0.42857142857143    0.14285714285715    0.33333333333334             1
   -0.42857142857143    0.14285714285715    0.33333333333334             1
   -0.28571428571428    0.14285714285715    0.33333333333334             1
   -0.14285714285715    0.14285714285715    0.33333333333334             1
   -0.00000000000000    0.28571428571428    0.33333333333334             1
    0.14285714285715    0.28571428571428    0.33333333333334             1
    0.28571428571428    0.28571428571428    0.33333333333334             1
    0.42857142857143    0.28571428571428    0.33333333333334             1
   -0.42857142857143    0.28571428571428    0.33333333333334             1
   -0.28571428571428    0.28571428571428    0.33333333333334             1
   -0.14285714285715    0.28571428571428    0.33333333333334             1
   -0.00000000000000    0.42857142857143    0.33333333333334             1
    0.14285714285715    0.42857142857143    0.33333333333334             1
    0.28571428571428    0.42857142857143    0.33333333333334             1
    0.42857142857143    0.42857142857143    0.33333333333334             1
   -0.42857142857143    0.42857142857143    0.33333333333334             1
   -0.28571428571428    0.42857142857143    0.33333333333334             1
   -0.14285714285715    0.42857142857143    0.33333333333334             1
    0.00000000000000   -0.42857142857143    0.33333333333334             1
    0.14285714285715   -0.42857142857143    0.33333333333334             1
    0.28571428571428   -0.42857142857143    0.33333333333334             1
    0.42857142857143   -0.42857142857143    0.33333333333334             1
   -0.42857142857143   -0.42857142857143    0.33333333333334             1
   -0.28571428571428   -0.42857142857143    0.33333333333334             1
   -0.14285714285715   -0.42857142857143    0.33333333333334             1
    0.00000000000000   -0.28571428571428    0.33333333333334             1
    0.14285714285715   -0.28571428571428    0.33333333333334             1
    0.28571428571428   -0.28571428571428    0.33333333333334             1
    0.42857142857143   -0.28571428571428    0.33333333333334             1
   -0.42857142857143   -0.28571428571428    0.33333333333334             1
   -0.28571428571428   -0.28571428571428    0.33333333333334             1
   -0.14285714285715   -0.28571428571428    0.33333333333334             1
    0.00000000000000   -0.14285714285715    0.33333333333334             1
    0.14285714285715   -0.14285714285715    0.33333333333334             1
    0.28571428571428   -0.14285714285715    0.33333333333334             1
    0.42857142857143   -0.14285714285715    0.33333333333334             1
   -0.42857142857143   -0.14285714285715    0.33333333333334             1
   -0.28571428571428   -0.14285714285715    0.33333333333334             1
   -0.14285714285715   -0.14285714285715    0.33333333333334             1
    0.00000000000000    0.00000000000000   -0.33333333333334             1
    0.14285714285715    0.00000000000000   -0.33333333333334             1
    0.28571428571428    0.00000000000000   -0.33333333333334             1
    0.42857142857143    0.00000000000000   -0.33333333333334             1
   -0.42857142857143   -0.00000000000000   -0.33333333333334             1
   -0.28571428571428   -0.00000000000000   -0.33333333333334             1
   -0.14285714285715    0.00000000000000   -0.33333333333334             1
    0.00000000000000    0.14285714285715   -0.33333333333334             1
    0.14285714285715    0.14285714285715   -0.33333333333334             1
    0.28571428571428    0.14285714285715   -0.33333333333334             1
    0.42857142857143    0.14285714285715   -0.33333333333334             1
   -0.42857142857143    0.14285714285715   -0.33333333333334             1
   -0.28571428571428    0.14285714285715   -0.33333333333334             1
   -0.14285714285715    0.14285714285715   -0.33333333333334             1
   -0.00000000000000    0.28571428571428   -0.33333333333334             1
    0.14285714285715    0.28571428571428   -0.33333333333334             1
    0.28571428571428    0.28571428571428   -0.33333333333334             1
    0.42857142857143    0.28571428571428   -0.33333333333334             1
   -0.42857142857143    0.28571428571428   -0.33333333333334             1
   -0.28571428571428    0.28571428571428   -0.33333333333334             1
   -0.14285714285715    0.28571428571428   -0.33333333333334             1
   -0.00000000000000    0.42857142857143   -0.33333333333334             1
    0.14285714285715    0.42857142857143   -0.33333333333334             1
    0.28571428571428    0.42857142857143   -0.33333333333334             1
    0.42857142857143    0.42857142857143   -0.33333333333334             1
   -0.42857142857143    0.42857142857143   -0.33333333333334             1
   -0.28571428571428    0.42857142857143   -0.33333333333334             1
   -0.14285714285715    0.42857142857143   -0.33333333333334             1
    0.00000000000000   -0.42857142857143   -0.33333333333334             1
    0.14285714285715   -0.42857142857143   -0.33333333333334             1
    0.28571428571428   -0.42857142857143   -0.33333333333334             1
    0.42857142857143   -0.42857142857143   -0.33333333333334             1
   -0.42857142857143   -0.42857142857143   -0.33333333333334             1
   -0.28571428571428   -0.42857142857143   -0.33333333333334             1
   -0.14285714285715   -0.42857142857143   -0.33333333333334             1
    0.00000000000000   -0.28571428571428   -0.33333333333334             1
    0.14285714285715   -0.28571428571428   -0.33333333333334             1
    0.28571428571428   -0.28571428571428   -0.33333333333334             1
    0.42857142857143   -0.28571428571428   -0.33333333333334             1
   -0.42857142857143   -0.28571428571428   -0.33333333333334             1
   -0.28571428571428   -0.28571428571428   -0.33333333333334             1
   -0.14285714285715   -0.28571428571428   -0.33333333333334             1
    0.00000000000000   -0.14285714285715   -0.33333333333334             1
    0.14285714285715   -0.14285714285715   -0.33333333333334             1
    0.28571428571428   -0.14285714285715   -0.33333333333334             1
    0.42857142857143   -0.14285714285715   -0.33333333333334             1
   -0.42857142857143   -0.14285714285715   -0.33333333333334             1
   -0.28571428571428   -0.14285714285715   -0.33333333333334             1
   -0.14285714285715   -0.14285714285715   -0.33333333333334             1
