Automatically generated mesh
      30
Reciprocal lattice
    0.00000000000000    0.00000000000000    0.00000000000000             1
    0.20000000000000    0.00000000000000    0.00000000000000             1
    0.40000000000000    0.00000000000000    0.00000000000000             1
   -0.40000000000000    0.00000000000000    0.00000000000000             1
   -0.20000000000000    0.00000000000000    0.00000000000000             1
    0.00000000000000    0.33333333333334    0.00000000000000             1
    0.20000000000000    0.33333333333334    0.00000000000000             1
    0.40000000000000    0.33333333333334    0.00000000000000             1
   -0.40000000000000    0.33333333333334    0.00000000000000             1
   -0.20000000000000    0.33333333333334    0.00000000000000             1
    0.00000000000000   -0.33333333333334    0.00000000000000             1
    0.20000000000000   -0.33333333333334    0.00000000000000             1
    0.40000000000000   -0.33333333333334    0.00000000000000             1
   -0.40000000000000   -0.33333333333334    0.00000000000000             1
   -0.20000000000000   -0.33333333333334    0.00000000000000             1
    0.00000000000000    0.00000000000000    0.50000000000000             1
    0.20000000000000    0.00000000000000    0.50000000000000             1
    0.40000000000000    0.00000000000000    0.50000000000000             1
   -0.40000000000000    0.00000000000000    0.50000000000000             1
   -0.20000000000000    0.00000000000000    0.50000000000000             1
    0.00000000000000    0.33333333333334    0.50000000000000             1
    0.20000000000000    0.33333333333334    0.50000000000000             1
    0.40000000000000    0.33333333333334    0.50000000000000             1
   -0.40000000000000    0.33333333333334    0.50000000000000             1
   -0.20000000000000    0.33333333333334    0.50000000000000             1
    0.00000000000000   -0.33333333333334    0.50000000000000             1
    0.20000000000000   -0.33333333333334    0.50000000000000             1
    0.40000000000000   -0.33333333333334    0.50000000000000             1
   -0.40000000000000   -0.33333333333334    0.50000000000000             1
   -0.20000000000000   -0.33333333333334    0.50000000000000             1
