Automatically generated mesh
     600
Reciprocal lattice
    0.00000000000000    0.00000000000000    0.00000000000000             1
    0.10000000000000    0.00000000000000    0.00000000000000             1
    0.20000000000000    0.00000000000000    0.00000000000000             1
    0.30000000000000   -0.00000000000000    0.00000000000000             1
    0.40000000000000    0.00000000000000    0.00000000000000             1
    0.50000000000000   -0.00000000000000    0.00000000000000             1
   -0.40000000000000    0.00000000000000    0.00000000000000             1
   -0.30000000000000    0.00000000000000    0.00000000000000             1
   -0.20000000000000    0.00000000000000    0.00000000000000             1
   -0.10000000000000    0.00000000000000    0.00000000000000             1
    0.00000000000000    0.10000000000000    0.00000000000000             1
    0.10000000000000    0.10000000000000    0.00000000000000             1
    0.20000000000000    0.10000000000000    0.00000000000000             1
    0.30000000000000    0.10000000000000    0.00000000000000             1
    0.40000000000000    0.10000000000000    0.00000000000000             1
    0.50000000000000    0.10000000000000    0.00000000000000             1
   -0.40000000000000    0.10000000000000    0.00000000000000             1
   -0.30000000000000    0.10000000000000    0.00000000000000             1
   -0.20000000000000    0.10000000000000    0.00000000000000             1
   -0.10000000000000    0.10000000000000    0.00000000000000             1
    0.00000000000000    0.20000000000000    0.00000000000000             1
    0.10000000000000    0.20000000000000    0.00000000000000             1
    0.20000000000000    0.20000000000000    0.00000000000000             1
    0.30000000000000    0.20000000000000    0.00000000000000             1
    0.40000000000000    0.20000000000000    0.00000000000000             1
    0.50000000000000    0.20000000000000    0.00000000000000             1
   -0.40000000000000    0.20000000000000    0.00000000000000             1
   -0.30000000000000    0.20000000000000    0.00000000000000             1
   -0.20000000000000    0.20000000000000    0.00000000000000             1
   -0.10000000000000    0.20000000000000    0.00000000000000             1
   -0.00000000000000    0.30000000000000    0.00000000000000             1
    0.10000000000000    0.30000000000000    0.00000000000000             1
    0.20000000000000    0.30000000000000    0.00000000000000             1
    0.30000000000000    0.30000000000000    0.00000000000000             1
    0.40000000000000    0.30000000000000    0.00000000000000             1
    0.50000000000000    0.30000000000000    0.00000000000000             1
   -0.40000000000000    0.30000000000000    0.00000000000000             1
   -0.30000000000000    0.30000000000000    0.00000000000000             1
   -0.20000000000000    0.30000000000000    0.00000000000000             1
   -0.10000000000000    0.30000000000000    0.00000000000000             1
    0.00000000000000    0.40000000000000    0.00000000000000             1
    0.10000000000000    0.40000000000000    0.00000000000000             1
    0.20000000000000    0.40000000000000    0.00000000000000             1
    0.30000000000000    0.40000000000000    0.00000000000000             1
    0.40000000000000    0.40000000000000    0.00000000000000             1
    0.50000000000000    0.40000000000000    0.00000000000000             1
   -0.40000000000000    0.40000000000000    0.00000000000000             1
   -0.30000000000000    0.40000000000000    0.00000000000000             1
   -0.20000000000000    0.40000000000000    0.00000000000000             1
   -0.10000000000000    0.40000000000000    0.00000000000000             1
   -0.00000000000000    0.50000000000000    0.00000000000000             1
    0.10000000000000    0.50000000000000    0.00000000000000             1
    0.20000000000000    0.50000000000000    0.00000000000000             1
    0.30000000000000    0.50000000000000    0.00000000000000             1
    0.40000000000000    0.50000000000000    0.00000000000000             1
    0.50000000000000    0.50000000000000    0.00000000000000             1
   -0.40000000000000    0.50000000000000    0.00000000000000             1
   -0.30000000000000    0.50000000000000    0.00000000000000             1
   -0.20000000000000    0.50000000000000    0.00000000000000             1
   -0.10000000000000    0.50000000000000    0.00000000000000             1
    0.00000000000000   -0.40000000000000    0.00000000000000             1
    0.10000000000000   -0.40000000000000    0.00000000000000             1
    0.20000000000000   -0.40000000000000    0.00000000000000             1
    0.30000000000000   -0.40000000000000    0.00000000000000             1
    0.40000000000000   -0.40000000000000    0.00000000000000             1
    0.50000000000000   -0.40000000000000    0.00000000000000             1
   -0.40000000000000   -0.40000000000000    0.00000000000000             1
   -0.30000000000000   -0.40000000000000    0.00000000000000             1
   -0.20000000000000   -0.40000000000000    0.00000000000000             1
   -0.10000000000000   -0.40000000000000    0.00000000000000             1
    0.00000000000000   -0.30000000000000    0.00000000000000             1
    0.10000000000000   -0.30000000000000    0.00000000000000             1
    0.20000000000000   -0.30000000000000    0.00000000000000             1
    0.30000000000000   -0.30000000000000    0.00000000000000             1
    0.40000000000000   -0.30000000000000    0.00000000000000             1
    0.50000000000000   -0.30000000000000    0.00000000000000             1
   -0.40000000000000   -0.30000000000000    0.00000000000000             1
   -0.30000000000000   -0.30000000000000    0.00000000000000             1
   -0.20000000000000   -0.30000000000000    0.00000000000000             1
   -0.10000000000000   -0.30000000000000    0.00000000000000             1
    0.00000000000000   -0.20000000000000    0.00000000000000             1
    0.10000000000000   -0.20000000000000    0.00000000000000             1
    0.20000000000000   -0.20000000000000    0.00000000000000             1
    0.30000000000000   -0.20000000000000    0.00000000000000             1
    0.40000000000000   -0.20000000000000    0.00000000000000             1
    0.50000000000000   -0.20000000000000    0.00000000000000             1
   -0.40000000000000   -0.20000000000000    0.00000000000000             1
   -0.30000000000000   -0.20000000000000    0.00000000000000             1
   -0.20000000000000   -0.20000000000000    0.00000000000000             1
   -0.10000000000000   -0.20000000000000    0.00000000000000             1
    0.00000000000000   -0.10000000000000    0.00000000000000             1
    0.10000000000000   -0.10000000000000    0.00000000000000             1
    0.20000000000000   -0.10000000000000    0.00000000000000             1
    0.30000000000000   -0.10000000000000    0.00000000000000             1
    0.40000000000000   -0.10000000000000    0.00000000000000             1
    0.50000000000000   -0.10000000000000    0.00000000000000             1
   -0.40000000000000   -0.10000000000000    0.00000000000000             1
   -0.30000000000000   -0.10000000000000    0.00000000000000             1
   -0.20000000000000   -0.10000000000000    0.00000000000000             1
   -0.10000000000000   -0.10000000000000    0.00000000000000             1
    0.00000000000000    0.00000000000000    0.16666666666666             1
    0.10000000000000    0.00000000000000    0.16666666666666             1
    0.20000000000000    0.00000000000000    0.16666666666666             1
    0.30000000000000   -0.00000000000000    0.16666666666666             1
    0.40000000000000    0.00000000000000    0.16666666666666             1
    0.50000000000000   -0.00000000000000    0.16666666666666             1
   -0.40000000000000    0.00000000000000    0.16666666666666             1
   -0.30000000000000    0.00000000000000    0.16666666666666             1
   -0.20000000000000    0.00000000000000    0.16666666666666             1
   -0.10000000000000    0.00000000000000    0.16666666666666             1
    0.00000000000000    0.10000000000000    0.16666666666666             1
    0.10000000000000    0.10000000000000    0.16666666666666             1
    0.20000000000000    0.10000000000000    0.16666666666666             1
    0.30000000000000    0.10000000000000    0.16666666666666             1
    0.40000000000000    0.10000000000000    0.16666666666666             1
    0.50000000000000    0.10000000000000    0.16666666666666             1
   -0.40000000000000    0.10000000000000    0.16666666666666             1
   -0.30000000000000    0.10000000000000    0.16666666666666             1
   -0.20000000000000    0.10000000000000    0.16666666666666             1
   -0.10000000000000    0.10000000000000    0.16666666666666             1
    0.00000000000000    0.20000000000000    0.16666666666666             1
    0.10000000000000    0.20000000000000    0.16666666666666             1
    0.20000000000000    0.20000000000000    0.16666666666666             1
    0.30000000000000    0.20000000000000    0.16666666666666             1
    0.40000000000000    0.20000000000000    0.16666666666666             1
    0.50000000000000    0.20000000000000    0.16666666666666             1
   -0.40000000000000    0.20000000000000    0.16666666666666             1
   -0.30000000000000    0.20000000000000    0.16666666666666             1
   -0.20000000000000    0.20000000000000    0.16666666666666             1
   -0.10000000000000    0.20000000000000    0.16666666666666             1
   -0.00000000000000    0.30000000000000    0.16666666666666             1
    0.10000000000000    0.30000000000000    0.16666666666666             1
    0.20000000000000    0.30000000000000    0.16666666666666             1
    0.30000000000000    0.30000000000000    0.16666666666666             1
    0.40000000000000    0.30000000000000    0.16666666666666             1
    0.50000000000000    0.30000000000000    0.16666666666666             1
   -0.40000000000000    0.30000000000000    0.16666666666666             1
   -0.30000000000000    0.30000000000000    0.16666666666666             1
   -0.20000000000000    0.30000000000000    0.16666666666666             1
   -0.10000000000000    0.30000000000000    0.16666666666666             1
    0.00000000000000    0.40000000000000    0.16666666666666             1
    0.10000000000000    0.40000000000000    0.16666666666666             1
    0.20000000000000    0.40000000000000    0.16666666666666             1
    0.30000000000000    0.40000000000000    0.16666666666666             1
    0.40000000000000    0.40000000000000    0.16666666666666             1
    0.50000000000000    0.40000000000000    0.16666666666666             1
   -0.40000000000000    0.40000000000000    0.16666666666666             1
   -0.30000000000000    0.40000000000000    0.16666666666666             1
   -0.20000000000000    0.40000000000000    0.16666666666666             1
   -0.10000000000000    0.40000000000000    0.16666666666666             1
   -0.00000000000000    0.50000000000000    0.16666666666666             1
    0.10000000000000    0.50000000000000    0.16666666666666             1
    0.20000000000000    0.50000000000000    0.16666666666666             1
    0.30000000000000    0.50000000000000    0.16666666666666             1
    0.40000000000000    0.50000000000000    0.16666666666666             1
    0.50000000000000    0.50000000000000    0.16666666666666             1
   -0.40000000000000    0.50000000000000    0.16666666666666             1
   -0.30000000000000    0.50000000000000    0.16666666666666             1
   -0.20000000000000    0.50000000000000    0.16666666666666             1
   -0.10000000000000    0.50000000000000    0.16666666666666             1
    0.00000000000000   -0.40000000000000    0.16666666666666             1
    0.10000000000000   -0.40000000000000    0.16666666666666             1
    0.20000000000000   -0.40000000000000    0.16666666666666             1
    0.30000000000000   -0.40000000000000    0.16666666666666             1
    0.40000000000000   -0.40000000000000    0.16666666666666             1
    0.50000000000000   -0.40000000000000    0.16666666666666             1
   -0.40000000000000   -0.40000000000000    0.16666666666666             1
   -0.30000000000000   -0.40000000000000    0.16666666666666             1
   -0.20000000000000   -0.40000000000000    0.16666666666666             1
   -0.10000000000000   -0.40000000000000    0.16666666666666             1
    0.00000000000000   -0.30000000000000    0.16666666666666             1
    0.10000000000000   -0.30000000000000    0.16666666666666             1
    0.20000000000000   -0.30000000000000    0.16666666666666             1
    0.30000000000000   -0.30000000000000    0.16666666666666             1
    0.40000000000000   -0.30000000000000    0.16666666666666             1
    0.50000000000000   -0.30000000000000    0.16666666666666             1
   -0.40000000000000   -0.30000000000000    0.16666666666666             1
   -0.30000000000000   -0.30000000000000    0.16666666666666             1
   -0.20000000000000   -0.30000000000000    0.16666666666666             1
   -0.10000000000000   -0.30000000000000    0.16666666666666             1
    0.00000000000000   -0.20000000000000    0.16666666666666             1
    0.10000000000000   -0.20000000000000    0.16666666666666             1
    0.20000000000000   -0.20000000000000    0.16666666666666             1
    0.30000000000000   -0.20000000000000    0.16666666666666             1
    0.40000000000000   -0.20000000000000    0.16666666666666             1
    0.50000000000000   -0.20000000000000    0.16666666666666             1
   -0.40000000000000   -0.20000000000000    0.16666666666666             1
   -0.30000000000000   -0.20000000000000    0.16666666666666             1
   -0.20000000000000   -0.20000000000000    0.16666666666666             1
   -0.10000000000000   -0.20000000000000    0.16666666666666             1
    0.00000000000000   -0.10000000000000    0.16666666666666             1
    0.10000000000000   -0.10000000000000    0.16666666666666             1
    0.20000000000000   -0.10000000000000    0.16666666666666             1
    0.30000000000000   -0.10000000000000    0.16666666666666             1
    0.40000000000000   -0.10000000000000    0.16666666666666             1
    0.50000000000000   -0.10000000000000    0.16666666666666             1
   -0.40000000000000   -0.10000000000000    0.16666666666666             1
   -0.30000000000000   -0.10000000000000    0.16666666666666             1
   -0.20000000000000   -0.10000000000000    0.16666666666666             1
   -0.10000000000000   -0.10000000000000    0.16666666666666             1
    0.00000000000000    0.00000000000000    0.33333333333334             1
    0.10000000000000    0.00000000000000    0.33333333333334             1
    0.20000000000000    0.00000000000000    0.33333333333334             1
    0.30000000000000   -0.00000000000000    0.33333333333334             1
    0.40000000000000    0.00000000000000    0.33333333333334             1
    0.50000000000000   -0.00000000000000    0.33333333333334             1
   -0.40000000000000    0.00000000000000    0.33333333333334             1
   -0.30000000000000    0.00000000000000    0.33333333333334             1
   -0.20000000000000    0.00000000000000    0.33333333333334             1
   -0.10000000000000    0.00000000000000    0.33333333333334             1
    0.00000000000000    0.10000000000000    0.33333333333334             1
    0.10000000000000    0.10000000000000    0.33333333333334             1
    0.20000000000000    0.10000000000000    0.33333333333334             1
    0.30000000000000    0.10000000000000    0.33333333333334             1
    0.40000000000000    0.10000000000000    0.33333333333334             1
    0.50000000000000    0.10000000000000    0.33333333333334             1
   -0.40000000000000    0.10000000000000    0.33333333333334             1
   -0.30000000000000    0.10000000000000    0.33333333333334             1
   -0.20000000000000    0.10000000000000    0.33333333333334             1
   -0.10000000000000    0.10000000000000    0.33333333333334             1
    0.00000000000000    0.20000000000000    0.33333333333334             1
    0.10000000000000    0.20000000000000    0.33333333333334             1
    0.20000000000000    0.20000000000000    0.33333333333334             1
    0.30000000000000    0.20000000000000    0.33333333333334             1
    0.40000000000000    0.20000000000000    0.33333333333334             1
    0.50000000000000    0.20000000000000    0.33333333333334             1
   -0.40000000000000    0.20000000000000    0.33333333333334             1
   -0.30000000000000    0.20000000000000    0.33333333333334             1
   -0.20000000000000    0.20000000000000    0.33333333333334             1
   -0.10000000000000    0.20000000000000    0.33333333333334             1
   -0.00000000000000    0.30000000000000    0.33333333333334             1
    0.10000000000000    0.30000000000000    0.33333333333334             1
    0.20000000000000    0.30000000000000    0.33333333333334             1
    0.30000000000000    0.30000000000000    0.33333333333334             1
    0.40000000000000    0.30000000000000    0.33333333333334             1
    0.50000000000000    0.30000000000000    0.33333333333334             1
   -0.40000000000000    0.30000000000000    0.33333333333334             1
   -0.30000000000000    0.30000000000000    0.33333333333334             1
   -0.20000000000000    0.30000000000000    0.33333333333334             1
   -0.10000000000000    0.30000000000000    0.33333333333334             1
    0.00000000000000    0.40000000000000    0.33333333333334             1
    0.10000000000000    0.40000000000000    0.33333333333334             1
    0.20000000000000    0.40000000000000    0.33333333333334             1
    0.30000000000000    0.40000000000000    0.33333333333334             1
    0.40000000000000    0.40000000000000    0.33333333333334             1
    0.50000000000000    0.40000000000000    0.33333333333334             1
   -0.40000000000000    0.40000000000000    0.33333333333334             1
   -0.30000000000000    0.40000000000000    0.33333333333334             1
   -0.20000000000000    0.40000000000000    0.33333333333334             1
   -0.10000000000000    0.40000000000000    0.33333333333334             1
   -0.00000000000000    0.50000000000000    0.33333333333334             1
    0.10000000000000    0.50000000000000    0.33333333333334             1
    0.20000000000000    0.50000000000000    0.33333333333334             1
    0.30000000000000    0.50000000000000    0.33333333333334             1
    0.40000000000000    0.50000000000000    0.33333333333334             1
    0.50000000000000    0.50000000000000    0.33333333333334             1
   -0.40000000000000    0.50000000000000    0.33333333333334             1
   -0.30000000000000    0.50000000000000    0.33333333333334             1
   -0.20000000000000    0.50000000000000    0.33333333333334             1
   -0.10000000000000    0.50000000000000    0.33333333333334             1
    0.00000000000000   -0.40000000000000    0.33333333333334             1
    0.10000000000000   -0.40000000000000    0.33333333333334             1
    0.20000000000000   -0.40000000000000    0.33333333333334             1
    0.30000000000000   -0.40000000000000    0.33333333333334             1
    0.40000000000000   -0.40000000000000    0.33333333333334             1
    0.50000000000000   -0.40000000000000    0.33333333333334             1
   -0.40000000000000   -0.40000000000000    0.33333333333334             1
   -0.30000000000000   -0.40000000000000    0.33333333333334             1
   -0.20000000000000   -0.40000000000000    0.33333333333334             1
   -0.10000000000000   -0.40000000000000    0.33333333333334             1
    0.00000000000000   -0.30000000000000    0.33333333333334             1
    0.10000000000000   -0.30000000000000    0.33333333333334             1
    0.20000000000000   -0.30000000000000    0.33333333333334             1
    0.30000000000000   -0.30000000000000    0.33333333333334             1
    0.40000000000000   -0.30000000000000    0.33333333333334             1
    0.50000000000000   -0.30000000000000    0.33333333333334             1
   -0.40000000000000   -0.30000000000000    0.33333333333334             1
   -0.30000000000000   -0.30000000000000    0.33333333333334             1
   -0.20000000000000   -0.30000000000000    0.33333333333334             1
   -0.10000000000000   -0.30000000000000    0.33333333333334             1
    0.00000000000000   -0.20000000000000    0.33333333333334             1
    0.10000000000000   -0.20000000000000    0.33333333333334             1
    0.20000000000000   -0.20000000000000    0.33333333333334             1
    0.30000000000000   -0.20000000000000    0.33333333333334             1
    0.40000000000000   -0.20000000000000    0.33333333333334             1
    0.50000000000000   -0.20000000000000    0.33333333333334             1
   -0.40000000000000   -0.20000000000000    0.33333333333334             1
   -0.30000000000000   -0.20000000000000    0.33333333333334             1
   -0.20000000000000   -0.20000000000000    0.33333333333334             1
   -0.10000000000000   -0.20000000000000    0.33333333333334             1
    0.00000000000000   -0.10000000000000    0.33333333333334             1
    0.10000000000000   -0.10000000000000    0.33333333333334             1
    0.20000000000000   -0.10000000000000    0.33333333333334             1
    0.30000000000000   -0.10000000000000    0.33333333333334             1
    0.40000000000000   -0.10000000000000    0.33333333333334             1
    0.50000000000000   -0.10000000000000    0.33333333333334             1
   -0.40000000000000   -0.10000000000000    0.33333333333334             1
   -0.30000000000000   -0.10000000000000    0.33333333333334             1
   -0.20000000000000   -0.10000000000000    0.33333333333334             1
   -0.10000000000000   -0.10000000000000    0.33333333333334             1
    0.00000000000000    0.00000000000000    0.50000000000000             1
    0.10000000000000    0.00000000000000    0.50000000000000             1
    0.20000000000000    0.00000000000000    0.50000000000000             1
    0.30000000000000   -0.00000000000000    0.50000000000000             1
    0.40000000000000    0.00000000000000    0.50000000000000             1
    0.50000000000000   -0.00000000000000    0.50000000000000             1
   -0.40000000000000    0.00000000000000    0.50000000000000             1
   -0.30000000000000    0.00000000000000    0.50000000000000             1
   -0.20000000000000    0.00000000000000    0.50000000000000             1
   -0.10000000000000    0.00000000000000    0.50000000000000             1
    0.00000000000000    0.10000000000000    0.50000000000000             1
    0.10000000000000    0.10000000000000    0.50000000000000             1
    0.20000000000000    0.10000000000000    0.50000000000000             1
    0.30000000000000    0.10000000000000    0.50000000000000             1
    0.40000000000000    0.10000000000000    0.50000000000000             1
    0.50000000000000    0.10000000000000    0.50000000000000             1
   -0.40000000000000    0.10000000000000    0.50000000000000             1
   -0.30000000000000    0.10000000000000    0.50000000000000             1
   -0.20000000000000    0.10000000000000    0.50000000000000             1
   -0.10000000000000    0.10000000000000    0.50000000000000             1
    0.00000000000000    0.20000000000000    0.50000000000000             1
    0.10000000000000    0.20000000000000    0.50000000000000             1
    0.20000000000000    0.20000000000000    0.50000000000000             1
    0.30000000000000    0.20000000000000    0.50000000000000             1
    0.40000000000000    0.20000000000000    0.50000000000000             1
    0.50000000000000    0.20000000000000    0.50000000000000             1
   -0.40000000000000    0.20000000000000    0.50000000000000             1
   -0.30000000000000    0.20000000000000    0.50000000000000             1
   -0.20000000000000    0.20000000000000    0.50000000000000             1
   -0.10000000000000    0.20000000000000    0.50000000000000             1
   -0.00000000000000    0.30000000000000    0.50000000000000             1
    0.10000000000000    0.30000000000000    0.50000000000000             1
    0.20000000000000    0.30000000000000    0.50000000000000             1
    0.30000000000000    0.30000000000000    0.50000000000000             1
    0.40000000000000    0.30000000000000    0.50000000000000             1
    0.50000000000000    0.30000000000000    0.50000000000000             1
   -0.40000000000000    0.30000000000000    0.50000000000000             1
   -0.30000000000000    0.30000000000000    0.50000000000000             1
   -0.20000000000000    0.30000000000000    0.50000000000000             1
   -0.10000000000000    0.30000000000000    0.50000000000000             1
    0.00000000000000    0.40000000000000    0.50000000000000             1
    0.10000000000000    0.40000000000000    0.50000000000000             1
    0.20000000000000    0.40000000000000    0.50000000000000             1
    0.30000000000000    0.40000000000000    0.50000000000000             1
    0.40000000000000    0.40000000000000    0.50000000000000             1
    0.50000000000000    0.40000000000000    0.50000000000000             1
   -0.40000000000000    0.40000000000000    0.50000000000000             1
   -0.30000000000000    0.40000000000000    0.50000000000000             1
   -0.20000000000000    0.40000000000000    0.50000000000000             1
   -0.10000000000000    0.40000000000000    0.50000000000000             1
   -0.00000000000000    0.50000000000000    0.50000000000000             1
    0.10000000000000    0.50000000000000    0.50000000000000             1
    0.20000000000000    0.50000000000000    0.50000000000000             1
    0.30000000000000    0.50000000000000    0.50000000000000             1
    0.40000000000000    0.50000000000000    0.50000000000000             1
    0.50000000000000    0.50000000000000    0.50000000000000             1
   -0.40000000000000    0.50000000000000    0.50000000000000             1
   -0.30000000000000    0.50000000000000    0.50000000000000             1
   -0.20000000000000    0.50000000000000    0.50000000000000             1
   -0.10000000000000    0.50000000000000    0.50000000000000             1
    0.00000000000000   -0.40000000000000    0.50000000000000             1
    0.10000000000000   -0.40000000000000    0.50000000000000             1
    0.20000000000000   -0.40000000000000    0.50000000000000             1
    0.30000000000000   -0.40000000000000    0.50000000000000             1
    0.40000000000000   -0.40000000000000    0.50000000000000             1
    0.50000000000000   -0.40000000000000    0.50000000000000             1
   -0.40000000000000   -0.40000000000000    0.50000000000000             1
   -0.30000000000000   -0.40000000000000    0.50000000000000             1
   -0.20000000000000   -0.40000000000000    0.50000000000000             1
   -0.10000000000000   -0.40000000000000    0.50000000000000             1
    0.00000000000000   -0.30000000000000    0.50000000000000             1
    0.10000000000000   -0.30000000000000    0.50000000000000             1
    0.20000000000000   -0.30000000000000    0.50000000000000             1
    0.30000000000000   -0.30000000000000    0.50000000000000             1
    0.40000000000000   -0.30000000000000    0.50000000000000             1
    0.50000000000000   -0.30000000000000    0.50000000000000             1
   -0.40000000000000   -0.30000000000000    0.50000000000000             1
   -0.30000000000000   -0.30000000000000    0.50000000000000             1
   -0.20000000000000   -0.30000000000000    0.50000000000000             1
   -0.10000000000000   -0.30000000000000    0.50000000000000             1
    0.00000000000000   -0.20000000000000    0.50000000000000             1
    0.10000000000000   -0.20000000000000    0.50000000000000             1
    0.20000000000000   -0.20000000000000    0.50000000000000             1
    0.30000000000000   -0.20000000000000    0.50000000000000             1
    0.40000000000000   -0.20000000000000    0.50000000000000             1
    0.50000000000000   -0.20000000000000    0.50000000000000             1
   -0.40000000000000   -0.20000000000000    0.50000000000000             1
   -0.30000000000000   -0.20000000000000    0.50000000000000             1
   -0.20000000000000   -0.20000000000000    0.50000000000000             1
   -0.10000000000000   -0.20000000000000    0.50000000000000             1
    0.00000000000000   -0.10000000000000    0.50000000000000             1
    0.10000000000000   -0.10000000000000    0.50000000000000             1
    0.20000000000000   -0.10000000000000    0.50000000000000             1
    0.30000000000000   -0.10000000000000    0.50000000000000             1
    0.40000000000000   -0.10000000000000    0.50000000000000             1
    0.50000000000000   -0.10000000000000    0.50000000000000             1
   -0.40000000000000   -0.10000000000000    0.50000000000000             1
   -0.30000000000000   -0.10000000000000    0.50000000000000             1
   -0.20000000000000   -0.10000000000000    0.50000000000000             1
   -0.10000000000000   -0.10000000000000    0.50000000000000             1
    0.00000000000000    0.00000000000000   -0.33333333333334             1
    0.10000000000000    0.00000000000000   -0.33333333333334             1
    0.20000000000000    0.00000000000000   -0.33333333333334             1
    0.30000000000000   -0.00000000000000   -0.33333333333334             1
    0.40000000000000    0.00000000000000   -0.33333333333334             1
    0.50000000000000   -0.00000000000000   -0.33333333333334             1
   -0.40000000000000    0.00000000000000   -0.33333333333334             1
   -0.30000000000000    0.00000000000000   -0.33333333333334             1
   -0.20000000000000    0.00000000000000   -0.33333333333334             1
   -0.10000000000000    0.00000000000000   -0.33333333333334             1
    0.00000000000000    0.10000000000000   -0.33333333333334             1
    0.10000000000000    0.10000000000000   -0.33333333333334             1
    0.20000000000000    0.10000000000000   -0.33333333333334             1
    0.30000000000000    0.10000000000000   -0.33333333333334             1
    0.40000000000000    0.10000000000000   -0.33333333333334             1
    0.50000000000000    0.10000000000000   -0.33333333333334             1
   -0.40000000000000    0.10000000000000   -0.33333333333334             1
   -0.30000000000000    0.10000000000000   -0.33333333333334             1
   -0.20000000000000    0.10000000000000   -0.33333333333334             1
   -0.10000000000000    0.10000000000000   -0.33333333333334             1
    0.00000000000000    0.20000000000000   -0.33333333333334             1
    0.10000000000000    0.20000000000000   -0.33333333333334             1
    0.20000000000000    0.20000000000000   -0.33333333333334             1
    0.30000000000000    0.20000000000000   -0.33333333333334             1
    0.40000000000000    0.20000000000000   -0.33333333333334             1
    0.50000000000000    0.20000000000000   -0.33333333333334             1
   -0.40000000000000    0.20000000000000   -0.33333333333334             1
   -0.30000000000000    0.20000000000000   -0.33333333333334             1
   -0.20000000000000    0.20000000000000   -0.33333333333334             1
   -0.10000000000000    0.20000000000000   -0.33333333333334             1
   -0.00000000000000    0.30000000000000   -0.33333333333334             1
    0.10000000000000    0.30000000000000   -0.33333333333334             1
    0.20000000000000    0.30000000000000   -0.33333333333334             1
    0.30000000000000    0.30000000000000   -0.33333333333334             1
    0.40000000000000    0.30000000000000   -0.33333333333334             1
    0.50000000000000    0.30000000000000   -0.33333333333334             1
   -0.40000000000000    0.30000000000000   -0.33333333333334             1
   -0.30000000000000    0.30000000000000   -0.33333333333334             1
   -0.20000000000000    0.30000000000000   -0.33333333333334             1
   -0.10000000000000    0.30000000000000   -0.33333333333334             1
    0.00000000000000    0.40000000000000   -0.33333333333334             1
    0.10000000000000    0.40000000000000   -0.33333333333334             1
    0.20000000000000    0.40000000000000   -0.33333333333334             1
    0.30000000000000    0.40000000000000   -0.33333333333334             1
    0.40000000000000    0.40000000000000   -0.33333333333334             1
    0.50000000000000    0.40000000000000   -0.33333333333334             1
   -0.40000000000000    0.40000000000000   -0.33333333333334             1
   -0.30000000000000    0.40000000000000   -0.33333333333334             1
   -0.20000000000000    0.40000000000000   -0.33333333333334             1
   -0.10000000000000    0.40000000000000   -0.33333333333334             1
   -0.00000000000000    0.50000000000000   -0.33333333333334             1
    0.10000000000000    0.50000000000000   -0.33333333333334             1
    0.20000000000000    0.50000000000000   -0.33333333333334             1
    0.30000000000000    0.50000000000000   -0.33333333333334             1
    0.40000000000000    0.50000000000000   -0.33333333333334             1
    0.50000000000000    0.50000000000000   -0.33333333333334             1
   -0.40000000000000    0.50000000000000   -0.33333333333334             1
   -0.30000000000000    0.50000000000000   -0.33333333333334             1
   -0.20000000000000    0.50000000000000   -0.33333333333334             1
   -0.10000000000000    0.50000000000000   -0.33333333333334             1
    0.00000000000000   -0.40000000000000   -0.33333333333334             1
    0.10000000000000   -0.40000000000000   -0.33333333333334             1
    0.20000000000000   -0.40000000000000   -0.33333333333334             1
    0.30000000000000   -0.40000000000000   -0.33333333333334             1
    0.40000000000000   -0.40000000000000   -0.33333333333334             1
    0.50000000000000   -0.40000000000000   -0.33333333333334             1
   -0.40000000000000   -0.40000000000000   -0.33333333333334             1
   -0.30000000000000   -0.40000000000000   -0.33333333333334             1
   -0.20000000000000   -0.40000000000000   -0.33333333333334             1
   -0.10000000000000   -0.40000000000000   -0.33333333333334             1
    0.00000000000000   -0.30000000000000   -0.33333333333334             1
    0.10000000000000   -0.30000000000000   -0.33333333333334             1
    0.20000000000000   -0.30000000000000   -0.33333333333334             1
    0.30000000000000   -0.30000000000000   -0.33333333333334             1
    0.40000000000000   -0.30000000000000   -0.33333333333334             1
    0.50000000000000   -0.30000000000000   -0.33333333333334             1
   -0.40000000000000   -0.30000000000000   -0.33333333333334             1
   -0.30000000000000   -0.30000000000000   -0.33333333333334             1
   -0.20000000000000   -0.30000000000000   -0.33333333333334             1
   -0.10000000000000   -0.30000000000000   -0.33333333333334             1
    0.00000000000000   -0.20000000000000   -0.33333333333334             1
    0.10000000000000   -0.20000000000000   -0.33333333333334             1
    0.20000000000000   -0.20000000000000   -0.33333333333334             1
    0.30000000000000   -0.20000000000000   -0.33333333333334             1
    0.40000000000000   -0.20000000000000   -0.33333333333334             1
    0.50000000000000   -0.20000000000000   -0.33333333333334             1
   -0.40000000000000   -0.20000000000000   -0.33333333333334             1
   -0.30000000000000   -0.20000000000000   -0.33333333333334             1
   -0.20000000000000   -0.20000000000000   -0.33333333333334             1
   -0.10000000000000   -0.20000000000000   -0.33333333333334             1
    0.00000000000000   -0.10000000000000   -0.33333333333334             1
    0.10000000000000   -0.10000000000000   -0.33333333333334             1
    0.20000000000000   -0.10000000000000   -0.33333333333334             1
    0.30000000000000   -0.10000000000000   -0.33333333333334             1
    0.40000000000000   -0.10000000000000   -0.33333333333334             1
    0.50000000000000   -0.10000000000000   -0.33333333333334             1
   -0.40000000000000   -0.10000000000000   -0.33333333333334             1
   -0.30000000000000   -0.10000000000000   -0.33333333333334             1
   -0.20000000000000   -0.10000000000000   -0.33333333333334             1
   -0.10000000000000   -0.10000000000000   -0.33333333333334             1
    0.00000000000000    0.00000000000000   -0.16666666666666             1
    0.10000000000000    0.00000000000000   -0.16666666666666             1
    0.20000000000000    0.00000000000000   -0.16666666666666             1
    0.30000000000000   -0.00000000000000   -0.16666666666666             1
    0.40000000000000    0.00000000000000   -0.16666666666666             1
    0.50000000000000   -0.00000000000000   -0.16666666666666             1
   -0.40000000000000    0.00000000000000   -0.16666666666666             1
   -0.30000000000000    0.00000000000000   -0.16666666666666             1
   -0.20000000000000    0.00000000000000   -0.16666666666666             1
   -0.10000000000000    0.00000000000000   -0.16666666666666             1
    0.00000000000000    0.10000000000000   -0.16666666666666             1
    0.10000000000000    0.10000000000000   -0.16666666666666             1
    0.20000000000000    0.10000000000000   -0.16666666666666             1
    0.30000000000000    0.10000000000000   -0.16666666666666             1
    0.40000000000000    0.10000000000000   -0.16666666666666             1
    0.50000000000000    0.10000000000000   -0.16666666666666             1
   -0.40000000000000    0.10000000000000   -0.16666666666666             1
   -0.30000000000000    0.10000000000000   -0.16666666666666             1
   -0.20000000000000    0.10000000000000   -0.16666666666666             1
   -0.10000000000000    0.10000000000000   -0.16666666666666             1
    0.00000000000000    0.20000000000000   -0.16666666666666             1
    0.10000000000000    0.20000000000000   -0.16666666666666             1
    0.20000000000000    0.20000000000000   -0.16666666666666             1
    0.30000000000000    0.20000000000000   -0.16666666666666             1
    0.40000000000000    0.20000000000000   -0.16666666666666             1
    0.50000000000000    0.20000000000000   -0.16666666666666             1
   -0.40000000000000    0.20000000000000   -0.16666666666666             1
   -0.30000000000000    0.20000000000000   -0.16666666666666             1
   -0.20000000000000    0.20000000000000   -0.16666666666666             1
   -0.10000000000000    0.20000000000000   -0.16666666666666             1
   -0.00000000000000    0.30000000000000   -0.16666666666666             1
    0.10000000000000    0.30000000000000   -0.16666666666666             1
    0.20000000000000    0.30000000000000   -0.16666666666666             1
    0.30000000000000    0.30000000000000   -0.16666666666666             1
    0.40000000000000    0.30000000000000   -0.16666666666666             1
    0.50000000000000    0.30000000000000   -0.16666666666666             1
   -0.40000000000000    0.30000000000000   -0.16666666666666             1
   -0.30000000000000    0.30000000000000   -0.16666666666666             1
   -0.20000000000000    0.30000000000000   -0.16666666666666             1
   -0.10000000000000    0.30000000000000   -0.16666666666666             1
    0.00000000000000    0.40000000000000   -0.16666666666666             1
    0.10000000000000    0.40000000000000   -0.16666666666666             1
    0.20000000000000    0.40000000000000   -0.16666666666666             1
    0.30000000000000    0.40000000000000   -0.16666666666666             1
    0.40000000000000    0.40000000000000   -0.16666666666666             1
    0.50000000000000    0.40000000000000   -0.16666666666666             1
   -0.40000000000000    0.40000000000000   -0.16666666666666             1
   -0.30000000000000    0.40000000000000   -0.16666666666666             1
   -0.20000000000000    0.40000000000000   -0.16666666666666             1
   -0.10000000000000    0.40000000000000   -0.16666666666666             1
   -0.00000000000000    0.50000000000000   -0.16666666666666             1
    0.10000000000000    0.50000000000000   -0.16666666666666             1
    0.20000000000000    0.50000000000000   -0.16666666666666             1
    0.30000000000000    0.50000000000000   -0.16666666666666             1
    0.40000000000000    0.50000000000000   -0.16666666666666             1
    0.50000000000000    0.50000000000000   -0.16666666666666             1
   -0.40000000000000    0.50000000000000   -0.16666666666666             1
   -0.30000000000000    0.50000000000000   -0.16666666666666             1
   -0.20000000000000    0.50000000000000   -0.16666666666666             1
   -0.10000000000000    0.50000000000000   -0.16666666666666             1
    0.00000000000000   -0.40000000000000   -0.16666666666666             1
    0.10000000000000   -0.40000000000000   -0.16666666666666             1
    0.20000000000000   -0.40000000000000   -0.16666666666666             1
    0.30000000000000   -0.40000000000000   -0.16666666666666             1
    0.40000000000000   -0.40000000000000   -0.16666666666666             1
    0.50000000000000   -0.40000000000000   -0.16666666666666             1
   -0.40000000000000   -0.40000000000000   -0.16666666666666             1
   -0.30000000000000   -0.40000000000000   -0.16666666666666             1
   -0.20000000000000   -0.40000000000000   -0.16666666666666             1
   -0.10000000000000   -0.40000000000000   -0.16666666666666             1
    0.00000000000000   -0.30000000000000   -0.16666666666666             1
    0.10000000000000   -0.30000000000000   -0.16666666666666             1
    0.20000000000000   -0.30000000000000   -0.16666666666666             1
    0.30000000000000   -0.30000000000000   -0.16666666666666             1
    0.40000000000000   -0.30000000000000   -0.16666666666666             1
    0.50000000000000   -0.30000000000000   -0.16666666666666             1
   -0.40000000000000   -0.30000000000000   -0.16666666666666             1
   -0.30000000000000   -0.30000000000000   -0.16666666666666             1
   -0.20000000000000   -0.30000000000000   -0.16666666666666             1
   -0.10000000000000   -0.30000000000000   -0.16666666666666             1
    0.00000000000000   -0.20000000000000   -0.16666666666666             1
    0.10000000000000   -0.20000000000000   -0.16666666666666             1
    0.20000000000000   -0.20000000000000   -0.16666666666666             1
    0.30000000000000   -0.20000000000000   -0.16666666666666             1
    0.40000000000000   -0.20000000000000   -0.16666666666666             1
    0.50000000000000   -0.20000000000000   -0.16666666666666             1
   -0.40000000000000   -0.20000000000000   -0.16666666666666             1
   -0.30000000000000   -0.20000000000000   -0.16666666666666             1
   -0.20000000000000   -0.20000000000000   -0.16666666666666             1
   -0.10000000000000   -0.20000000000000   -0.16666666666666             1
    0.00000000000000   -0.10000000000000   -0.16666666666666             1
    0.10000000000000   -0.10000000000000   -0.16666666666666             1
    0.20000000000000   -0.10000000000000   -0.16666666666666             1
    0.30000000000000   -0.10000000000000   -0.16666666666666             1
    0.40000000000000   -0.10000000000000   -0.16666666666666             1
    0.50000000000000   -0.10000000000000   -0.16666666666666             1
   -0.40000000000000   -0.10000000000000   -0.16666666666666             1
   -0.30000000000000   -0.10000000000000   -0.16666666666666             1
   -0.20000000000000   -0.10000000000000   -0.16666666666666             1
   -0.10000000000000   -0.10000000000000   -0.16666666666666             1
