Automatically generated mesh
     360
Reciprocal lattice
    0.08333333333334    0.08333333333334    0.05000000000000             1
    0.25000000000000    0.08333333333334    0.05000000000000             1
    0.41666666666666    0.08333333333334    0.05000000000000             1
   -0.41666666666666    0.08333333333334    0.05000000000000             1
   -0.25000000000000    0.08333333333334    0.05000000000000             1
   -0.08333333333334    0.08333333333334    0.05000000000000             1
    0.08333333333334    0.25000000000000    0.05000000000000             1
    0.25000000000000    0.25000000000000    0.05000000000000             1
    0.41666666666666    0.25000000000000    0.05000000000000             1
   -0.41666666666666    0.25000000000000    0.05000000000000             1
   -0.25000000000000    0.25000000000000    0.05000000000000             1
   -0.08333333333334    0.25000000000000    0.05000000000000             1
    0.08333333333334    0.41666666666666    0.05000000000000             1
    0.25000000000000    0.41666666666666    0.05000000000000             1
    0.41666666666666    0.41666666666666    0.05000000000000             1
   -0.41666666666666    0.41666666666666    0.05000000000000             1
   -0.25000000000000    0.41666666666666    0.05000000000000             1
   -0.08333333333334    0.41666666666666    0.05000000000000             1
    0.08333333333334   -0.41666666666666    0.05000000000000             1
    0.25000000000000   -0.41666666666666    0.05000000000000             1
    0.41666666666666   -0.41666666666666    0.05000000000000             1
   -0.41666666666666   -0.41666666666666    0.05000000000000             1
   -0.25000000000000   -0.41666666666666    0.05000000000000             1
   -0.08333333333334   -0.41666666666666    0.05000000000000             1
    0.08333333333334   -0.25000000000000    0.05000000000000             1
    0.25000000000000   -0.25000000000000    0.05000000000000             1
    0.41666666666666   -0.25000000000000    0.05000000000000             1
   -0.41666666666666   -0.25000000000000    0.05000000000000             1
   -0.25000000000000   -0.25000000000000    0.05000000000000             1
   -0.08333333333334   -0.25000000000000    0.05000000000000             1
    0.08333333333334   -0.08333333333334    0.05000000000000             1
    0.25000000000000   -0.08333333333334    0.05000000000000             1
    0.41666666666666   -0.08333333333334    0.05000000000000             1
   -0.41666666666666   -0.08333333333334    0.05000000000000             1
   -0.25000000000000   -0.08333333333334    0.05000000000000             1
   -0.08333333333334   -0.08333333333334    0.05000000000000             1
    0.08333333333334    0.08333333333334    0.15000000000000             1
    0.25000000000000    0.08333333333334    0.15000000000000             1
    0.41666666666666    0.08333333333334    0.15000000000000             1
   -0.41666666666666    0.08333333333334    0.15000000000000             1
   -0.25000000000000    0.08333333333334    0.15000000000000             1
   -0.08333333333334    0.08333333333334    0.15000000000000             1
    0.08333333333334    0.25000000000000    0.15000000000000             1
    0.25000000000000    0.25000000000000    0.15000000000000             1
    0.41666666666666    0.25000000000000    0.15000000000000             1
   -0.41666666666666    0.25000000000000    0.15000000000000             1
   -0.25000000000000    0.25000000000000    0.15000000000000             1
   -0.08333333333334    0.25000000000000    0.15000000000000             1
    0.08333333333334    0.41666666666666    0.15000000000000             1
    0.25000000000000    0.41666666666666    0.15000000000000             1
    0.41666666666666    0.41666666666666    0.15000000000000             1
   -0.41666666666666    0.41666666666666    0.15000000000000             1
   -0.25000000000000    0.41666666666666    0.15000000000000             1
   -0.08333333333334    0.41666666666666    0.15000000000000             1
    0.08333333333334   -0.41666666666666    0.15000000000000             1
    0.25000000000000   -0.41666666666666    0.15000000000000             1
    0.41666666666666   -0.41666666666666    0.15000000000000             1
   -0.41666666666666   -0.41666666666666    0.15000000000000             1
   -0.25000000000000   -0.41666666666666    0.15000000000000             1
   -0.08333333333334   -0.41666666666666    0.15000000000000             1
    0.08333333333334   -0.25000000000000    0.15000000000000             1
    0.25000000000000   -0.25000000000000    0.15000000000000             1
    0.41666666666666   -0.25000000000000    0.15000000000000             1
   -0.41666666666666   -0.25000000000000    0.15000000000000             1
   -0.25000000000000   -0.25000000000000    0.15000000000000             1
   -0.08333333333334   -0.25000000000000    0.15000000000000             1
    0.08333333333334   -0.08333333333334    0.15000000000000             1
    0.25000000000000   -0.08333333333334    0.15000000000000             1
    0.41666666666666   -0.08333333333334    0.15000000000000             1
   -0.41666666666666   -0.08333333333334    0.15000000000000             1
   -0.25000000000000   -0.08333333333334    0.15000000000000             1
   -0.08333333333334   -0.08333333333334    0.15000000000000             1
    0.08333333333334    0.08333333333334    0.25000000000000             1
    0.25000000000000    0.08333333333334    0.25000000000000             1
    0.41666666666666    0.08333333333334    0.25000000000000             1
   -0.41666666666666    0.08333333333334    0.25000000000000             1
   -0.25000000000000    0.08333333333334    0.25000000000000             1
   -0.08333333333334    0.08333333333334    0.25000000000000             1
    0.08333333333334    0.25000000000000    0.25000000000000             1
    0.25000000000000    0.25000000000000    0.25000000000000             1
    0.41666666666666    0.25000000000000    0.25000000000000             1
   -0.41666666666666    0.25000000000000    0.25000000000000             1
   -0.25000000000000    0.25000000000000    0.25000000000000             1
   -0.08333333333334    0.25000000000000    0.25000000000000             1
    0.08333333333334    0.41666666666666    0.25000000000000             1
    0.25000000000000    0.41666666666666    0.25000000000000             1
    0.41666666666666    0.41666666666666    0.25000000000000             1
   -0.41666666666666    0.41666666666666    0.25000000000000             1
   -0.25000000000000    0.41666666666666    0.25000000000000             1
   -0.08333333333334    0.41666666666666    0.25000000000000             1
    0.08333333333334   -0.41666666666666    0.25000000000000             1
    0.25000000000000   -0.41666666666666    0.25000000000000             1
    0.41666666666666   -0.41666666666666    0.25000000000000             1
   -0.41666666666666   -0.41666666666666    0.25000000000000             1
   -0.25000000000000   -0.41666666666666    0.25000000000000             1
   -0.08333333333334   -0.41666666666666    0.25000000000000             1
    0.08333333333334   -0.25000000000000    0.25000000000000             1
    0.25000000000000   -0.25000000000000    0.25000000000000             1
    0.41666666666666   -0.25000000000000    0.25000000000000             1
   -0.41666666666666   -0.25000000000000    0.25000000000000             1
   -0.25000000000000   -0.25000000000000    0.25000000000000             1
   -0.08333333333334   -0.25000000000000    0.25000000000000             1
    0.08333333333334   -0.08333333333334    0.25000000000000             1
    0.25000000000000   -0.08333333333334    0.25000000000000             1
    0.41666666666666   -0.08333333333334    0.25000000000000             1
   -0.41666666666666   -0.08333333333334    0.25000000000000             1
   -0.25000000000000   -0.08333333333334    0.25000000000000             1
   -0.08333333333334   -0.08333333333334    0.25000000000000             1
    0.08333333333334    0.08333333333334    0.35000000000000             1
    0.25000000000000    0.08333333333334    0.35000000000000             1
    0.41666666666666    0.08333333333334    0.35000000000000             1
   -0.41666666666666    0.08333333333334    0.35000000000000             1
   -0.25000000000000    0.08333333333334    0.35000000000000             1
   -0.08333333333334    0.08333333333334    0.35000000000000             1
    0.08333333333334    0.25000000000000    0.35000000000000             1
    0.25000000000000    0.25000000000000    0.35000000000000             1
    0.41666666666666    0.25000000000000    0.35000000000000             1
   -0.41666666666666    0.25000000000000    0.35000000000000             1
   -0.25000000000000    0.25000000000000    0.35000000000000             1
   -0.08333333333334    0.25000000000000    0.35000000000000             1
    0.08333333333334    0.41666666666666    0.35000000000000             1
    0.25000000000000    0.41666666666666    0.35000000000000             1
    0.41666666666666    0.41666666666666    0.35000000000000             1
   -0.41666666666666    0.41666666666666    0.35000000000000             1
   -0.25000000000000    0.41666666666666    0.35000000000000             1
   -0.08333333333334    0.41666666666666    0.35000000000000             1
    0.08333333333334   -0.41666666666666    0.35000000000000             1
    0.25000000000000   -0.41666666666666    0.35000000000000             1
    0.41666666666666   -0.41666666666666    0.35000000000000             1
   -0.41666666666666   -0.41666666666666    0.35000000000000             1
   -0.25000000000000   -0.41666666666666    0.35000000000000             1
   -0.08333333333334   -0.41666666666666    0.35000000000000             1
    0.08333333333334   -0.25000000000000    0.35000000000000             1
    0.25000000000000   -0.25000000000000    0.35000000000000             1
    0.41666666666666   -0.25000000000000    0.35000000000000             1
   -0.41666666666666   -0.25000000000000    0.35000000000000             1
   -0.25000000000000   -0.25000000000000    0.35000000000000             1
   -0.08333333333334   -0.25000000000000    0.35000000000000             1
    0.08333333333334   -0.08333333333334    0.35000000000000             1
    0.25000000000000   -0.08333333333334    0.35000000000000             1
    0.41666666666666   -0.08333333333334    0.35000000000000             1
   -0.41666666666666   -0.08333333333334    0.35000000000000             1
   -0.25000000000000   -0.08333333333334    0.35000000000000             1
   -0.08333333333334   -0.08333333333334    0.35000000000000             1
    0.08333333333334    0.08333333333334    0.45000000000000             1
    0.25000000000000    0.08333333333334    0.45000000000000             1
    0.41666666666666    0.08333333333334    0.45000000000000             1
   -0.41666666666666    0.08333333333334    0.45000000000000             1
   -0.25000000000000    0.08333333333334    0.45000000000000             1
   -0.08333333333334    0.08333333333334    0.45000000000000             1
    0.08333333333334    0.25000000000000    0.45000000000000             1
    0.25000000000000    0.25000000000000    0.45000000000000             1
    0.41666666666666    0.25000000000000    0.45000000000000             1
   -0.41666666666666    0.25000000000000    0.45000000000000             1
   -0.25000000000000    0.25000000000000    0.45000000000000             1
   -0.08333333333334    0.25000000000000    0.45000000000000             1
    0.08333333333334    0.41666666666666    0.45000000000000             1
    0.25000000000000    0.41666666666666    0.45000000000000             1
    0.41666666666666    0.41666666666666    0.45000000000000             1
   -0.41666666666666    0.41666666666666    0.45000000000000             1
   -0.25000000000000    0.41666666666666    0.45000000000000             1
   -0.08333333333334    0.41666666666666    0.45000000000000             1
    0.08333333333334   -0.41666666666666    0.45000000000000             1
    0.25000000000000   -0.41666666666666    0.45000000000000             1
    0.41666666666666   -0.41666666666666    0.45000000000000             1
   -0.41666666666666   -0.41666666666666    0.45000000000000             1
   -0.25000000000000   -0.41666666666666    0.45000000000000             1
   -0.08333333333334   -0.41666666666666    0.45000000000000             1
    0.08333333333334   -0.25000000000000    0.45000000000000             1
    0.25000000000000   -0.25000000000000    0.45000000000000             1
    0.41666666666666   -0.25000000000000    0.45000000000000             1
   -0.41666666666666   -0.25000000000000    0.45000000000000             1
   -0.25000000000000   -0.25000000000000    0.45000000000000             1
   -0.08333333333334   -0.25000000000000    0.45000000000000             1
    0.08333333333334   -0.08333333333334    0.45000000000000             1
    0.25000000000000   -0.08333333333334    0.45000000000000             1
    0.41666666666666   -0.08333333333334    0.45000000000000             1
   -0.41666666666666   -0.08333333333334    0.45000000000000             1
   -0.25000000000000   -0.08333333333334    0.45000000000000             1
   -0.08333333333334   -0.08333333333334    0.45000000000000             1
    0.08333333333334    0.08333333333334   -0.45000000000000             1
    0.25000000000000    0.08333333333334   -0.45000000000000             1
    0.41666666666666    0.08333333333334   -0.45000000000000             1
   -0.41666666666666    0.08333333333334   -0.45000000000000             1
   -0.25000000000000    0.08333333333334   -0.45000000000000             1
   -0.08333333333334    0.08333333333334   -0.45000000000000             1
    0.08333333333334    0.25000000000000   -0.45000000000000             1
    0.25000000000000    0.25000000000000   -0.45000000000000             1
    0.41666666666666    0.25000000000000   -0.45000000000000             1
   -0.41666666666666    0.25000000000000   -0.45000000000000             1
   -0.25000000000000    0.25000000000000   -0.45000000000000             1
   -0.08333333333334    0.25000000000000   -0.45000000000000             1
    0.08333333333334    0.41666666666666   -0.45000000000000             1
    0.25000000000000    0.41666666666666   -0.45000000000000             1
    0.41666666666666    0.41666666666666   -0.45000000000000             1
   -0.41666666666666    0.41666666666666   -0.45000000000000             1
   -0.25000000000000    0.41666666666666   -0.45000000000000             1
   -0.08333333333334    0.41666666666666   -0.45000000000000             1
    0.08333333333334   -0.41666666666666   -0.45000000000000             1
    0.25000000000000   -0.41666666666666   -0.45000000000000             1
    0.41666666666666   -0.41666666666666   -0.45000000000000             1
   -0.41666666666666   -0.41666666666666   -0.45000000000000             1
   -0.25000000000000   -0.41666666666666   -0.45000000000000             1
   -0.08333333333334   -0.41666666666666   -0.45000000000000             1
    0.08333333333334   -0.25000000000000   -0.45000000000000             1
    0.25000000000000   -0.25000000000000   -0.45000000000000             1
    0.41666666666666   -0.25000000000000   -0.45000000000000             1
   -0.41666666666666   -0.25000000000000   -0.45000000000000             1
   -0.25000000000000   -0.25000000000000   -0.45000000000000             1
   -0.08333333333334   -0.25000000000000   -0.45000000000000             1
    0.08333333333334   -0.08333333333334   -0.45000000000000             1
    0.25000000000000   -0.08333333333334   -0.45000000000000             1
    0.41666666666666   -0.08333333333334   -0.45000000000000             1
   -0.41666666666666   -0.08333333333334   -0.45000000000000             1
   -0.25000000000000   -0.08333333333334   -0.45000000000000             1
   -0.08333333333334   -0.08333333333334   -0.45000000000000             1
    0.08333333333334    0.08333333333334   -0.35000000000000             1
    0.25000000000000    0.08333333333334   -0.35000000000000             1
    0.41666666666666    0.08333333333334   -0.35000000000000             1
   -0.41666666666666    0.08333333333334   -0.35000000000000             1
   -0.25000000000000    0.08333333333334   -0.35000000000000             1
   -0.08333333333334    0.08333333333334   -0.35000000000000             1
    0.08333333333334    0.25000000000000   -0.35000000000000             1
    0.25000000000000    0.25000000000000   -0.35000000000000             1
    0.41666666666666    0.25000000000000   -0.35000000000000             1
   -0.41666666666666    0.25000000000000   -0.35000000000000             1
   -0.25000000000000    0.25000000000000   -0.35000000000000             1
   -0.08333333333334    0.25000000000000   -0.35000000000000             1
    0.08333333333334    0.41666666666666   -0.35000000000000             1
    0.25000000000000    0.41666666666666   -0.35000000000000             1
    0.41666666666666    0.41666666666666   -0.35000000000000             1
   -0.41666666666666    0.41666666666666   -0.35000000000000             1
   -0.25000000000000    0.41666666666666   -0.35000000000000             1
   -0.08333333333334    0.41666666666666   -0.35000000000000             1
    0.08333333333334   -0.41666666666666   -0.35000000000000             1
    0.25000000000000   -0.41666666666666   -0.35000000000000             1
    0.41666666666666   -0.41666666666666   -0.35000000000000             1
   -0.41666666666666   -0.41666666666666   -0.35000000000000             1
   -0.25000000000000   -0.41666666666666   -0.35000000000000             1
   -0.08333333333334   -0.41666666666666   -0.35000000000000             1
    0.08333333333334   -0.25000000000000   -0.35000000000000             1
    0.25000000000000   -0.25000000000000   -0.35000000000000             1
    0.41666666666666   -0.25000000000000   -0.35000000000000             1
   -0.41666666666666   -0.25000000000000   -0.35000000000000             1
   -0.25000000000000   -0.25000000000000   -0.35000000000000             1
   -0.08333333333334   -0.25000000000000   -0.35000000000000             1
    0.08333333333334   -0.08333333333334   -0.35000000000000             1
    0.25000000000000   -0.08333333333334   -0.35000000000000             1
    0.41666666666666   -0.08333333333334   -0.35000000000000             1
   -0.41666666666666   -0.08333333333334   -0.35000000000000             1
   -0.25000000000000   -0.08333333333334   -0.35000000000000             1
   -0.08333333333334   -0.08333333333334   -0.35000000000000             1
    0.08333333333334    0.08333333333334   -0.25000000000000             1
    0.25000000000000    0.08333333333334   -0.25000000000000             1
    0.41666666666666    0.08333333333334   -0.25000000000000             1
   -0.41666666666666    0.08333333333334   -0.25000000000000             1
   -0.25000000000000    0.08333333333334   -0.25000000000000             1
   -0.08333333333334    0.08333333333334   -0.25000000000000             1
    0.08333333333334    0.25000000000000   -0.25000000000000             1
    0.25000000000000    0.25000000000000   -0.25000000000000             1
    0.41666666666666    0.25000000000000   -0.25000000000000             1
   -0.41666666666666    0.25000000000000   -0.25000000000000             1
   -0.25000000000000    0.25000000000000   -0.25000000000000             1
   -0.08333333333334    0.25000000000000   -0.25000000000000             1
    0.08333333333334    0.41666666666666   -0.25000000000000             1
    0.25000000000000    0.41666666666666   -0.25000000000000             1
    0.41666666666666    0.41666666666666   -0.25000000000000             1
   -0.41666666666666    0.41666666666666   -0.25000000000000             1
   -0.25000000000000    0.41666666666666   -0.25000000000000             1
   -0.08333333333334    0.41666666666666   -0.25000000000000             1
    0.08333333333334   -0.41666666666666   -0.25000000000000             1
    0.25000000000000   -0.41666666666666   -0.25000000000000             1
    0.41666666666666   -0.41666666666666   -0.25000000000000             1
   -0.41666666666666   -0.41666666666666   -0.25000000000000             1
   -0.25000000000000   -0.41666666666666   -0.25000000000000             1
   -0.08333333333334   -0.41666666666666   -0.25000000000000             1
    0.08333333333334   -0.25000000000000   -0.25000000000000             1
    0.25000000000000   -0.25000000000000   -0.25000000000000             1
    0.41666666666666   -0.25000000000000   -0.25000000000000             1
   -0.41666666666666   -0.25000000000000   -0.25000000000000             1
   -0.25000000000000   -0.25000000000000   -0.25000000000000             1
   -0.08333333333334   -0.25000000000000   -0.25000000000000             1
    0.08333333333334   -0.08333333333334   -0.25000000000000             1
    0.25000000000000   -0.08333333333334   -0.25000000000000             1
    0.41666666666666   -0.08333333333334   -0.25000000000000             1
   -0.41666666666666   -0.08333333333334   -0.25000000000000             1
   -0.25000000000000   -0.08333333333334   -0.25000000000000             1
   -0.08333333333334   -0.08333333333334   -0.25000000000000             1
    0.08333333333334    0.08333333333334   -0.15000000000000             1
    0.25000000000000    0.08333333333334   -0.15000000000000             1
    0.41666666666666    0.08333333333334   -0.15000000000000             1
   -0.41666666666666    0.08333333333334   -0.15000000000000             1
   -0.25000000000000    0.08333333333334   -0.15000000000000             1
   -0.08333333333334    0.08333333333334   -0.15000000000000             1
    0.08333333333334    0.25000000000000   -0.15000000000000             1
    0.25000000000000    0.25000000000000   -0.15000000000000             1
    0.41666666666666    0.25000000000000   -0.15000000000000             1
   -0.41666666666666    0.25000000000000   -0.15000000000000             1
   -0.25000000000000    0.25000000000000   -0.15000000000000             1
   -0.08333333333334    0.25000000000000   -0.15000000000000             1
    0.08333333333334    0.41666666666666   -0.15000000000000             1
    0.25000000000000    0.41666666666666   -0.15000000000000             1
    0.41666666666666    0.41666666666666   -0.15000000000000             1
   -0.41666666666666    0.41666666666666   -0.15000000000000             1
   -0.25000000000000    0.41666666666666   -0.15000000000000             1
   -0.08333333333334    0.41666666666666   -0.15000000000000             1
    0.08333333333334   -0.41666666666666   -0.15000000000000             1
    0.25000000000000   -0.41666666666666   -0.15000000000000             1
    0.41666666666666   -0.41666666666666   -0.15000000000000             1
   -0.41666666666666   -0.41666666666666   -0.15000000000000             1
   -0.25000000000000   -0.41666666666666   -0.15000000000000             1
   -0.08333333333334   -0.41666666666666   -0.15000000000000             1
    0.08333333333334   -0.25000000000000   -0.15000000000000             1
    0.25000000000000   -0.25000000000000   -0.15000000000000             1
    0.41666666666666   -0.25000000000000   -0.15000000000000             1
   -0.41666666666666   -0.25000000000000   -0.15000000000000             1
   -0.25000000000000   -0.25000000000000   -0.15000000000000             1
   -0.08333333333334   -0.25000000000000   -0.15000000000000             1
    0.08333333333334   -0.08333333333334   -0.15000000000000             1
    0.25000000000000   -0.08333333333334   -0.15000000000000             1
    0.41666666666666   -0.08333333333334   -0.15000000000000             1
   -0.41666666666666   -0.08333333333334   -0.15000000000000             1
   -0.25000000000000   -0.08333333333334   -0.15000000000000             1
   -0.08333333333334   -0.08333333333334   -0.15000000000000             1
    0.08333333333334    0.08333333333334   -0.05000000000000             1
    0.25000000000000    0.08333333333334   -0.05000000000000             1
    0.41666666666666    0.08333333333334   -0.05000000000000             1
   -0.41666666666666    0.08333333333334   -0.05000000000000             1
   -0.25000000000000    0.08333333333334   -0.05000000000000             1
   -0.08333333333334    0.08333333333334   -0.05000000000000             1
    0.08333333333334    0.25000000000000   -0.05000000000000             1
    0.25000000000000    0.25000000000000   -0.05000000000000             1
    0.41666666666666    0.25000000000000   -0.05000000000000             1
   -0.41666666666666    0.25000000000000   -0.05000000000000             1
   -0.25000000000000    0.25000000000000   -0.05000000000000             1
   -0.08333333333334    0.25000000000000   -0.05000000000000             1
    0.08333333333334    0.41666666666666   -0.05000000000000             1
    0.25000000000000    0.41666666666666   -0.05000000000000             1
    0.41666666666666    0.41666666666666   -0.05000000000000             1
   -0.41666666666666    0.41666666666666   -0.05000000000000             1
   -0.25000000000000    0.41666666666666   -0.05000000000000             1
   -0.08333333333334    0.41666666666666   -0.05000000000000             1
    0.08333333333334   -0.41666666666666   -0.05000000000000             1
    0.25000000000000   -0.41666666666666   -0.05000000000000             1
    0.41666666666666   -0.41666666666666   -0.05000000000000             1
   -0.41666666666666   -0.41666666666666   -0.05000000000000             1
   -0.25000000000000   -0.41666666666666   -0.05000000000000             1
   -0.08333333333334   -0.41666666666666   -0.05000000000000             1
    0.08333333333334   -0.25000000000000   -0.05000000000000             1
    0.25000000000000   -0.25000000000000   -0.05000000000000             1
    0.41666666666666   -0.25000000000000   -0.05000000000000             1
   -0.41666666666666   -0.25000000000000   -0.05000000000000             1
   -0.25000000000000   -0.25000000000000   -0.05000000000000             1
   -0.08333333333334   -0.25000000000000   -0.05000000000000             1
    0.08333333333334   -0.08333333333334   -0.05000000000000             1
    0.25000000000000   -0.08333333333334   -0.05000000000000             1
    0.41666666666666   -0.08333333333334   -0.05000000000000             1
   -0.41666666666666   -0.08333333333334   -0.05000000000000             1
   -0.25000000000000   -0.08333333333334   -0.05000000000000             1
   -0.08333333333334   -0.08333333333334   -0.05000000000000             1
