Automatically generated mesh
     448
Reciprocal lattice
    0.00000000000000    0.00000000000000    0.00000000000000             1
    0.12500000000000    0.00000000000000   -0.00000000000000             1
    0.25000000000000    0.00000000000000   -0.00000000000000             1
    0.37500000000000    0.00000000000000   -0.00000000000000             1
    0.50000000000000    0.00000000000000   -0.00000000000000             1
   -0.37500000000000   -0.00000000000000    0.00000000000000             1
   -0.25000000000000   -0.00000000000000    0.00000000000000             1
   -0.12500000000000   -0.00000000000000    0.00000000000000             1
    0.00000000000000    0.12500000000000   -0.00000000000000             1
    0.12500000000000    0.12500000000000    0.00000000000000             1
    0.25000000000000    0.12500000000000   -0.00000000000000             1
    0.37500000000000    0.12500000000000   -0.00000000000000             1
    0.50000000000000    0.12500000000000   -0.00000000000000             1
   -0.37500000000000    0.12500000000000   -0.00000000000000             1
   -0.25000000000000    0.12500000000000    0.00000000000000             1
   -0.12500000000000    0.12500000000000   -0.00000000000000             1
    0.00000000000000    0.25000000000000   -0.00000000000000             1
    0.12500000000000    0.25000000000000    0.00000000000000             1
    0.25000000000000    0.25000000000000    0.00000000000000             1
    0.37500000000000    0.25000000000000    0.00000000000000             1
    0.50000000000000    0.25000000000000   -0.00000000000000             1
   -0.37500000000000    0.25000000000000   -0.00000000000000             1
   -0.25000000000000    0.25000000000000   -0.00000000000000             1
   -0.12500000000000    0.25000000000000   -0.00000000000000             1
   -0.00000000000000    0.37500000000000   -0.00000000000000             1
    0.12500000000000    0.37500000000000   -0.00000000000000             1
    0.25000000000000    0.37500000000000   -0.00000000000000             1
    0.37500000000000    0.37500000000000    0.00000000000000             1
    0.50000000000000    0.37500000000000    0.00000000000000             1
   -0.37500000000000    0.37500000000000   -0.00000000000000             1
   -0.25000000000000    0.37500000000000   -0.00000000000000             1
   -0.12500000000000    0.37500000000000   -0.00000000000000             1
    0.00000000000000    0.50000000000000   -0.00000000000000             1
    0.12500000000000    0.50000000000000   -0.00000000000000             1
    0.25000000000000    0.50000000000000    0.00000000000000             1
    0.37500000000000    0.50000000000000   -0.00000000000000             1
    0.50000000000000    0.50000000000000    0.00000000000000             1
   -0.37500000000000    0.50000000000000   -0.00000000000000             1
   -0.25000000000000    0.50000000000000   -0.00000000000000             1
   -0.12500000000000    0.50000000000000    0.00000000000000             1
    0.00000000000000   -0.37500000000000    0.00000000000000             1
    0.12500000000000   -0.37500000000000    0.00000000000000             1
    0.25000000000000   -0.37500000000000    0.00000000000000             1
    0.37500000000000   -0.37500000000000    0.00000000000000             1
    0.50000000000000   -0.37500000000000   -0.00000000000000             1
   -0.37500000000000   -0.37500000000000   -0.00000000000000             1
   -0.25000000000000   -0.37500000000000    0.00000000000000             1
   -0.12500000000000   -0.37500000000000    0.00000000000000             1
    0.00000000000000   -0.25000000000000    0.00000000000000             1
    0.12500000000000   -0.25000000000000    0.00000000000000             1
    0.25000000000000   -0.25000000000000    0.00000000000000             1
    0.37500000000000   -0.25000000000000    0.00000000000000             1
    0.50000000000000   -0.25000000000000    0.00000000000000             1
   -0.37500000000000   -0.25000000000000    0.00000000000000             1
   -0.25000000000000   -0.25000000000000    0.00000000000000             1
   -0.12500000000000   -0.25000000000000    0.00000000000000             1
    0.00000000000000   -0.12500000000000    0.00000000000000             1
    0.12500000000000   -0.12500000000000    0.00000000000000             1
    0.25000000000000   -0.12500000000000    0.00000000000000             1
    0.37500000000000   -0.12500000000000    0.00000000000000             1
    0.50000000000000   -0.12500000000000    0.00000000000000             1
   -0.37500000000000   -0.12500000000000    0.00000000000000             1
   -0.25000000000000   -0.12500000000000    0.00000000000000             1
   -0.12500000000000   -0.12500000000000    0.00000000000000             1
    0.00000000000000   -0.00000000000000    0.14285714285715             1
    0.12500000000000    0.00000000000000    0.14285714285715             1
    0.25000000000000    0.00000000000000    0.14285714285715             1
    0.37500000000000    0.00000000000000    0.14285714285715             1
    0.50000000000000    0.00000000000000    0.14285714285715             1
   -0.37500000000000    0.00000000000000    0.14285714285715             1
   -0.25000000000000    0.00000000000000    0.14285714285715             1
   -0.12500000000000    0.00000000000000    0.14285714285715             1
    0.00000000000000    0.12500000000000    0.14285714285715             1
    0.12500000000000    0.12500000000000    0.14285714285715             1
    0.25000000000000    0.12500000000000    0.14285714285715             1
    0.37500000000000    0.12500000000000    0.14285714285715             1
    0.50000000000000    0.12500000000000    0.14285714285715             1
   -0.37500000000000    0.12500000000000    0.14285714285715             1
   -0.25000000000000    0.12500000000000    0.14285714285715             1
   -0.12500000000000    0.12500000000000    0.14285714285715             1
    0.00000000000000    0.25000000000000    0.14285714285715             1
    0.12500000000000    0.25000000000000    0.14285714285715             1
    0.25000000000000    0.25000000000000    0.14285714285715             1
    0.37500000000000    0.25000000000000    0.14285714285715             1
    0.50000000000000    0.25000000000000    0.14285714285715             1
   -0.37500000000000    0.25000000000000    0.14285714285715             1
   -0.25000000000000    0.25000000000000    0.14285714285715             1
   -0.12500000000000    0.25000000000000    0.14285714285715             1
    0.00000000000000    0.37500000000000    0.14285714285715             1
    0.12500000000000    0.37500000000000    0.14285714285715             1
    0.25000000000000    0.37500000000000    0.14285714285715             1
    0.37500000000000    0.37500000000000    0.14285714285715             1
    0.50000000000000    0.37500000000000    0.14285714285715             1
   -0.37500000000000    0.37500000000000    0.14285714285715             1
   -0.25000000000000    0.37500000000000    0.14285714285715             1
   -0.12500000000000    0.37500000000000    0.14285714285715             1
   -0.00000000000000    0.50000000000000    0.14285714285715             1
    0.12500000000000    0.50000000000000    0.14285714285715             1
    0.25000000000000    0.50000000000000    0.14285714285715             1
    0.37500000000000    0.50000000000000    0.14285714285715             1
    0.50000000000000    0.50000000000000    0.14285714285715             1
   -0.37500000000000    0.50000000000000    0.14285714285715             1
   -0.25000000000000    0.50000000000000    0.14285714285715             1
   -0.12500000000000    0.50000000000000    0.14285714285715             1
    0.00000000000000   -0.37500000000000    0.14285714285715             1
    0.12500000000000   -0.37500000000000    0.14285714285715             1
    0.25000000000000   -0.37500000000000    0.14285714285715             1
    0.37500000000000   -0.37500000000000    0.14285714285715             1
    0.50000000000000   -0.37500000000000    0.14285714285715             1
   -0.37500000000000   -0.37500000000000    0.14285714285715             1
   -0.25000000000000   -0.37500000000000    0.14285714285715             1
   -0.12500000000000   -0.37500000000000    0.14285714285715             1
    0.00000000000000   -0.25000000000000    0.14285714285715             1
    0.12500000000000   -0.25000000000000    0.14285714285715             1
    0.25000000000000   -0.25000000000000    0.14285714285715             1
    0.37500000000000   -0.25000000000000    0.14285714285715             1
    0.50000000000000   -0.25000000000000    0.14285714285715             1
   -0.37500000000000   -0.25000000000000    0.14285714285715             1
   -0.25000000000000   -0.25000000000000    0.14285714285715             1
   -0.12500000000000   -0.25000000000000    0.14285714285715             1
   -0.00000000000000   -0.12500000000000    0.14285714285715             1
    0.12500000000000   -0.12500000000000    0.14285714285715             1
    0.25000000000000   -0.12500000000000    0.14285714285715             1
    0.37500000000000   -0.12500000000000    0.14285714285715             1
    0.50000000000000   -0.12500000000000    0.14285714285715             1
   -0.37500000000000   -0.12500000000000    0.14285714285715             1
   -0.25000000000000   -0.12500000000000    0.14285714285715             1
   -0.12500000000000   -0.12500000000000    0.14285714285715             1
    0.00000000000000    0.00000000000000    0.28571428571428             1
    0.12500000000000    0.00000000000000    0.28571428571428             1
    0.25000000000000    0.00000000000000    0.28571428571428             1
    0.37500000000000    0.00000000000000    0.28571428571428             1
    0.50000000000000    0.00000000000000    0.28571428571428             1
   -0.37500000000000    0.00000000000000    0.28571428571428             1
   -0.25000000000000    0.00000000000000    0.28571428571428             1
   -0.12500000000000    0.00000000000000    0.28571428571428             1
    0.00000000000000    0.12500000000000    0.28571428571428             1
    0.12500000000000    0.12500000000000    0.28571428571428             1
    0.25000000000000    0.12500000000000    0.28571428571428             1
    0.37500000000000    0.12500000000000    0.28571428571428             1
    0.50000000000000    0.12500000000000    0.28571428571428             1
   -0.37500000000000    0.12500000000000    0.28571428571428             1
   -0.25000000000000    0.12500000000000    0.28571428571428             1
   -0.12500000000000    0.12500000000000    0.28571428571428             1
    0.00000000000000    0.25000000000000    0.28571428571428             1
    0.12500000000000    0.25000000000000    0.28571428571428             1
    0.25000000000000    0.25000000000000    0.28571428571428             1
    0.37500000000000    0.25000000000000    0.28571428571428             1
    0.50000000000000    0.25000000000000    0.28571428571428             1
   -0.37500000000000    0.25000000000000    0.28571428571428             1
   -0.25000000000000    0.25000000000000    0.28571428571428             1
   -0.12500000000000    0.25000000000000    0.28571428571428             1
   -0.00000000000000    0.37500000000000    0.28571428571428             1
    0.12500000000000    0.37500000000000    0.28571428571428             1
    0.25000000000000    0.37500000000000    0.28571428571428             1
    0.37500000000000    0.37500000000000    0.28571428571428             1
    0.50000000000000    0.37500000000000    0.28571428571428             1
   -0.37500000000000    0.37500000000000    0.28571428571428             1
   -0.25000000000000    0.37500000000000    0.28571428571428             1
   -0.12500000000000    0.37500000000000    0.28571428571428             1
    0.00000000000000    0.50000000000000    0.28571428571428             1
    0.12500000000000    0.50000000000000    0.28571428571428             1
    0.25000000000000    0.50000000000000    0.28571428571428             1
    0.37500000000000    0.50000000000000    0.28571428571428             1
    0.50000000000000    0.50000000000000    0.28571428571428             1
   -0.37500000000000    0.50000000000000    0.28571428571428             1
   -0.25000000000000    0.50000000000000    0.28571428571428             1
   -0.12500000000000    0.50000000000000    0.28571428571428             1
    0.00000000000000   -0.37500000000000    0.28571428571428             1
    0.12500000000000   -0.37500000000000    0.28571428571428             1
    0.25000000000000   -0.37500000000000    0.28571428571428             1
    0.37500000000000   -0.37500000000000    0.28571428571428             1
    0.50000000000000   -0.37500000000000    0.28571428571428             1
   -0.37500000000000   -0.37500000000000    0.28571428571428             1
   -0.25000000000000   -0.37500000000000    0.28571428571428             1
   -0.12500000000000   -0.37500000000000    0.28571428571428             1
   -0.00000000000000   -0.25000000000000    0.28571428571428             1
    0.12500000000000   -0.25000000000000    0.28571428571428             1
    0.25000000000000   -0.25000000000000    0.28571428571428             1
    0.37500000000000   -0.25000000000000    0.28571428571428             1
    0.50000000000000   -0.25000000000000    0.28571428571428             1
   -0.37500000000000   -0.25000000000000    0.28571428571428             1
   -0.25000000000000   -0.25000000000000    0.28571428571428             1
   -0.12500000000000   -0.25000000000000    0.28571428571428             1
    0.00000000000000   -0.12500000000000    0.28571428571428             1
    0.12500000000000   -0.12500000000000    0.28571428571428             1
    0.25000000000000   -0.12500000000000    0.28571428571428             1
    0.37500000000000   -0.12500000000000    0.28571428571428             1
    0.50000000000000   -0.12500000000000    0.28571428571428             1
   -0.37500000000000   -0.12500000000000    0.28571428571428             1
   -0.25000000000000   -0.12500000000000    0.28571428571428             1
   -0.12500000000000   -0.12500000000000    0.28571428571428             1
    0.00000000000000    0.00000000000000    0.42857142857143             1
    0.12500000000000   -0.00000000000000    0.42857142857143             1
    0.25000000000000    0.00000000000000    0.42857142857143             1
    0.37500000000000    0.00000000000000    0.42857142857143             1
    0.50000000000000    0.00000000000000    0.42857142857143             1
   -0.37500000000000    0.00000000000000    0.42857142857143             1
   -0.25000000000000    0.00000000000000    0.42857142857143             1
   -0.12500000000000    0.00000000000000    0.42857142857143             1
    0.00000000000000    0.12500000000000    0.42857142857143             1
    0.12500000000000    0.12500000000000    0.42857142857143             1
    0.25000000000000    0.12500000000000    0.42857142857143             1
    0.37500000000000    0.12500000000000    0.42857142857143             1
    0.50000000000000    0.12500000000000    0.42857142857143             1
   -0.37500000000000    0.12500000000000    0.42857142857143             1
   -0.25000000000000    0.12500000000000    0.42857142857143             1
   -0.12500000000000    0.12500000000000    0.42857142857143             1
    0.00000000000000    0.25000000000000    0.42857142857143             1
    0.12500000000000    0.25000000000000    0.42857142857143             1
    0.25000000000000    0.25000000000000    0.42857142857143             1
    0.37500000000000    0.25000000000000    0.42857142857143             1
    0.50000000000000    0.25000000000000    0.42857142857143             1
   -0.37500000000000    0.25000000000000    0.42857142857143             1
   -0.25000000000000    0.25000000000000    0.42857142857143             1
   -0.12500000000000    0.25000000000000    0.42857142857143             1
    0.00000000000000    0.37500000000000    0.42857142857143             1
    0.12500000000000    0.37500000000000    0.42857142857143             1
    0.25000000000000    0.37500000000000    0.42857142857143             1
    0.37500000000000    0.37500000000000    0.42857142857143             1
    0.50000000000000    0.37500000000000    0.42857142857143             1
   -0.37500000000000    0.37500000000000    0.42857142857143             1
   -0.25000000000000    0.37500000000000    0.42857142857143             1
   -0.12500000000000    0.37500000000000    0.42857142857143             1
    0.00000000000000    0.50000000000000    0.42857142857143             1
    0.12500000000000    0.50000000000000    0.42857142857143             1
    0.25000000000000    0.50000000000000    0.42857142857143             1
    0.37500000000000    0.50000000000000    0.42857142857143             1
    0.50000000000000    0.50000000000000    0.42857142857143             1
   -0.37500000000000    0.50000000000000    0.42857142857143             1
   -0.25000000000000    0.50000000000000    0.42857142857143             1
   -0.12500000000000    0.50000000000000    0.42857142857143             1
    0.00000000000000   -0.37500000000000    0.42857142857143             1
    0.12500000000000   -0.37500000000000    0.42857142857143             1
    0.25000000000000   -0.37500000000000    0.42857142857143             1
    0.37500000000000   -0.37500000000000    0.42857142857143             1
    0.50000000000000   -0.37500000000000    0.42857142857143             1
   -0.37500000000000   -0.37500000000000    0.42857142857143             1
   -0.25000000000000   -0.37500000000000    0.42857142857143             1
   -0.12500000000000   -0.37500000000000    0.42857142857143             1
    0.00000000000000   -0.25000000000000    0.42857142857143             1
    0.12500000000000   -0.25000000000000    0.42857142857143             1
    0.25000000000000   -0.25000000000000    0.42857142857143             1
    0.37500000000000   -0.25000000000000    0.42857142857143             1
    0.50000000000000   -0.25000000000000    0.42857142857143             1
   -0.37500000000000   -0.25000000000000    0.42857142857143             1
   -0.25000000000000   -0.25000000000000    0.42857142857143             1
   -0.12500000000000   -0.25000000000000    0.42857142857143             1
    0.00000000000000   -0.12500000000000    0.42857142857143             1
    0.12500000000000   -0.12500000000000    0.42857142857143             1
    0.25000000000000   -0.12500000000000    0.42857142857143             1
    0.37500000000000   -0.12500000000000    0.42857142857143             1
    0.50000000000000   -0.12500000000000    0.42857142857143             1
   -0.37500000000000   -0.12500000000000    0.42857142857143             1
   -0.25000000000000   -0.12500000000000    0.42857142857143             1
   -0.12500000000000   -0.12500000000000    0.42857142857143             1
   -0.00000000000000    0.00000000000000   -0.42857142857143             1
    0.12500000000000   -0.00000000000000   -0.42857142857143             1
    0.25000000000000   -0.00000000000000   -0.42857142857143             1
    0.37500000000000    0.00000000000000   -0.42857142857143             1
    0.50000000000000    0.00000000000000   -0.42857142857143             1
   -0.37500000000000    0.00000000000000   -0.42857142857143             1
   -0.25000000000000   -0.00000000000000   -0.42857142857143             1
   -0.12500000000000    0.00000000000000   -0.42857142857143             1
   -0.00000000000000    0.12500000000000   -0.42857142857143             1
    0.12500000000000    0.12500000000000   -0.42857142857143             1
    0.25000000000000    0.12500000000000   -0.42857142857143             1
    0.37500000000000    0.12500000000000   -0.42857142857143             1
    0.50000000000000    0.12500000000000   -0.42857142857143             1
   -0.37500000000000    0.12500000000000   -0.42857142857143             1
   -0.25000000000000    0.12500000000000   -0.42857142857143             1
   -0.12500000000000    0.12500000000000   -0.42857142857143             1
    0.00000000000000    0.25000000000000   -0.42857142857143             1
    0.12500000000000    0.25000000000000   -0.42857142857143             1
    0.25000000000000    0.25000000000000   -0.42857142857143             1
    0.37500000000000    0.25000000000000   -0.42857142857143             1
    0.50000000000000    0.25000000000000   -0.42857142857143             1
   -0.37500000000000    0.25000000000000   -0.42857142857143             1
   -0.25000000000000    0.25000000000000   -0.42857142857143             1
   -0.12500000000000    0.25000000000000   -0.42857142857143             1
   -0.00000000000000    0.37500000000000   -0.42857142857143             1
    0.12500000000000    0.37500000000000   -0.42857142857143             1
    0.25000000000000    0.37500000000000   -0.42857142857143             1
    0.37500000000000    0.37500000000000   -0.42857142857143             1
    0.50000000000000    0.37500000000000   -0.42857142857143             1
   -0.37500000000000    0.37500000000000   -0.42857142857143             1
   -0.25000000000000    0.37500000000000   -0.42857142857143             1
   -0.12500000000000    0.37500000000000   -0.42857142857143             1
   -0.00000000000000    0.50000000000000   -0.42857142857143             1
    0.12500000000000    0.50000000000000   -0.42857142857143             1
    0.25000000000000    0.50000000000000   -0.42857142857143             1
    0.37500000000000    0.50000000000000   -0.42857142857143             1
    0.50000000000000    0.50000000000000   -0.42857142857143             1
   -0.37500000000000    0.50000000000000   -0.42857142857143             1
   -0.25000000000000    0.50000000000000   -0.42857142857143             1
   -0.12500000000000    0.50000000000000   -0.42857142857143             1
    0.00000000000000   -0.37500000000000   -0.42857142857143             1
    0.12500000000000   -0.37500000000000   -0.42857142857143             1
    0.25000000000000   -0.37500000000000   -0.42857142857143             1
    0.37500000000000   -0.37500000000000   -0.42857142857143             1
    0.50000000000000   -0.37500000000000   -0.42857142857143             1
   -0.37500000000000   -0.37500000000000   -0.42857142857143             1
   -0.25000000000000   -0.37500000000000   -0.42857142857143             1
   -0.12500000000000   -0.37500000000000   -0.42857142857143             1
   -0.00000000000000   -0.25000000000000   -0.42857142857143             1
    0.12500000000000   -0.25000000000000   -0.42857142857143             1
    0.25000000000000   -0.25000000000000   -0.42857142857143             1
    0.37500000000000   -0.25000000000000   -0.42857142857143             1
    0.50000000000000   -0.25000000000000   -0.42857142857143             1
   -0.37500000000000   -0.25000000000000   -0.42857142857143             1
   -0.25000000000000   -0.25000000000000   -0.42857142857143             1
   -0.12500000000000   -0.25000000000000   -0.42857142857143             1
   -0.00000000000000   -0.12500000000000   -0.42857142857143             1
    0.12500000000000   -0.12500000000000   -0.42857142857143             1
    0.25000000000000   -0.12500000000000   -0.42857142857143             1
    0.37500000000000   -0.12500000000000   -0.42857142857143             1
    0.50000000000000   -0.12500000000000   -0.42857142857143             1
   -0.37500000000000   -0.12500000000000   -0.42857142857143             1
   -0.25000000000000   -0.12500000000000   -0.42857142857143             1
   -0.12500000000000   -0.12500000000000   -0.42857142857143             1
    0.00000000000000    0.00000000000000   -0.28571428571428             1
    0.12500000000000   -0.00000000000000   -0.28571428571428             1
    0.25000000000000    0.00000000000000   -0.28571428571428             1
    0.37500000000000    0.00000000000000   -0.28571428571428             1
    0.50000000000000   -0.00000000000000   -0.28571428571428             1
   -0.37500000000000   -0.00000000000000   -0.28571428571428             1
   -0.25000000000000    0.00000000000000   -0.28571428571428             1
   -0.12500000000000   -0.00000000000000   -0.28571428571428             1
   -0.00000000000000    0.12500000000000   -0.28571428571428             1
    0.12500000000000    0.12500000000000   -0.28571428571428             1
    0.25000000000000    0.12500000000000   -0.28571428571428             1
    0.37500000000000    0.12500000000000   -0.28571428571428             1
    0.50000000000000    0.12500000000000   -0.28571428571428             1
   -0.37500000000000    0.12500000000000   -0.28571428571428             1
   -0.25000000000000    0.12500000000000   -0.28571428571428             1
   -0.12500000000000    0.12500000000000   -0.28571428571428             1
    0.00000000000000    0.25000000000000   -0.28571428571428             1
    0.12500000000000    0.25000000000000   -0.28571428571428             1
    0.25000000000000    0.25000000000000   -0.28571428571428             1
    0.37500000000000    0.25000000000000   -0.28571428571428             1
    0.50000000000000    0.25000000000000   -0.28571428571428             1
   -0.37500000000000    0.25000000000000   -0.28571428571428             1
   -0.25000000000000    0.25000000000000   -0.28571428571428             1
   -0.12500000000000    0.25000000000000   -0.28571428571428             1
   -0.00000000000000    0.37500000000000   -0.28571428571428             1
    0.12500000000000    0.37500000000000   -0.28571428571428             1
    0.25000000000000    0.37500000000000   -0.28571428571428             1
    0.37500000000000    0.37500000000000   -0.28571428571428             1
    0.50000000000000    0.37500000000000   -0.28571428571428             1
   -0.37500000000000    0.37500000000000   -0.28571428571428             1
   -0.25000000000000    0.37500000000000   -0.28571428571428             1
   -0.12500000000000    0.37500000000000   -0.28571428571428             1
   -0.00000000000000    0.50000000000000   -0.28571428571428             1
    0.12500000000000    0.50000000000000   -0.28571428571428             1
    0.25000000000000    0.50000000000000   -0.28571428571428             1
    0.37500000000000    0.50000000000000   -0.28571428571428             1
    0.50000000000000    0.50000000000000   -0.28571428571428             1
   -0.37500000000000    0.50000000000000   -0.28571428571428             1
   -0.25000000000000    0.50000000000000   -0.28571428571428             1
   -0.12500000000000    0.50000000000000   -0.28571428571428             1
    0.00000000000000   -0.37500000000000   -0.28571428571428             1
    0.12500000000000   -0.37500000000000   -0.28571428571428             1
    0.25000000000000   -0.37500000000000   -0.28571428571428             1
    0.37500000000000   -0.37500000000000   -0.28571428571428             1
    0.50000000000000   -0.37500000000000   -0.28571428571428             1
   -0.37500000000000   -0.37500000000000   -0.28571428571428             1
   -0.25000000000000   -0.37500000000000   -0.28571428571428             1
   -0.12500000000000   -0.37500000000000   -0.28571428571428             1
   -0.00000000000000   -0.25000000000000   -0.28571428571428             1
    0.12500000000000   -0.25000000000000   -0.28571428571428             1
    0.25000000000000   -0.25000000000000   -0.28571428571428             1
    0.37500000000000   -0.25000000000000   -0.28571428571428             1
    0.50000000000000   -0.25000000000000   -0.28571428571428             1
   -0.37500000000000   -0.25000000000000   -0.28571428571428             1
   -0.25000000000000   -0.25000000000000   -0.28571428571428             1
   -0.12500000000000   -0.25000000000000   -0.28571428571428             1
   -0.00000000000000   -0.12500000000000   -0.28571428571428             1
    0.12500000000000   -0.12500000000000   -0.28571428571428             1
    0.25000000000000   -0.12500000000000   -0.28571428571428             1
    0.37500000000000   -0.12500000000000   -0.28571428571428             1
    0.50000000000000   -0.12500000000000   -0.28571428571428             1
   -0.37500000000000   -0.12500000000000   -0.28571428571428             1
   -0.25000000000000   -0.12500000000000   -0.28571428571428             1
   -0.12500000000000   -0.12500000000000   -0.28571428571428             1
    0.00000000000000    0.00000000000000   -0.14285714285715             1
    0.12500000000000   -0.00000000000000   -0.14285714285715             1
    0.25000000000000   -0.00000000000000   -0.14285714285715             1
    0.37500000000000   -0.00000000000000   -0.14285714285715             1
    0.50000000000000    0.00000000000000   -0.14285714285715             1
   -0.37500000000000   -0.00000000000000   -0.14285714285715             1
   -0.25000000000000   -0.00000000000000   -0.14285714285715             1
   -0.12500000000000   -0.00000000000000   -0.14285714285715             1
    0.00000000000000    0.12500000000000   -0.14285714285715             1
    0.12500000000000    0.12500000000000   -0.14285714285715             1
    0.25000000000000    0.12500000000000   -0.14285714285715             1
    0.37500000000000    0.12500000000000   -0.14285714285715             1
    0.50000000000000    0.12500000000000   -0.14285714285715             1
   -0.37500000000000    0.12500000000000   -0.14285714285715             1
   -0.25000000000000    0.12500000000000   -0.14285714285715             1
   -0.12500000000000    0.12500000000000   -0.14285714285715             1
   -0.00000000000000    0.25000000000000   -0.14285714285715             1
    0.12500000000000    0.25000000000000   -0.14285714285715             1
    0.25000000000000    0.25000000000000   -0.14285714285715             1
    0.37500000000000    0.25000000000000   -0.14285714285715             1
    0.50000000000000    0.25000000000000   -0.14285714285715             1
   -0.37500000000000    0.25000000000000   -0.14285714285715             1
   -0.25000000000000    0.25000000000000   -0.14285714285715             1
   -0.12500000000000    0.25000000000000   -0.14285714285715             1
    0.00000000000000    0.37500000000000   -0.14285714285715             1
    0.12500000000000    0.37500000000000   -0.14285714285715             1
    0.25000000000000    0.37500000000000   -0.14285714285715             1
    0.37500000000000    0.37500000000000   -0.14285714285715             1
    0.50000000000000    0.37500000000000   -0.14285714285715             1
   -0.37500000000000    0.37500000000000   -0.14285714285715             1
   -0.25000000000000    0.37500000000000   -0.14285714285715             1
   -0.12500000000000    0.37500000000000   -0.14285714285715             1
    0.00000000000000    0.50000000000000   -0.14285714285715             1
    0.12500000000000    0.50000000000000   -0.14285714285715             1
    0.25000000000000    0.50000000000000   -0.14285714285715             1
    0.37500000000000    0.50000000000000   -0.14285714285715             1
    0.50000000000000    0.50000000000000   -0.14285714285715             1
   -0.37500000000000    0.50000000000000   -0.14285714285715             1
   -0.25000000000000    0.50000000000000   -0.14285714285715             1
   -0.12500000000000    0.50000000000000   -0.14285714285715             1
   -0.00000000000000   -0.37500000000000   -0.14285714285715             1
    0.12500000000000   -0.37500000000000   -0.14285714285715             1
    0.25000000000000   -0.37500000000000   -0.14285714285715             1
    0.37500000000000   -0.37500000000000   -0.14285714285715             1
    0.50000000000000   -0.37500000000000   -0.14285714285715             1
   -0.37500000000000   -0.37500000000000   -0.14285714285715             1
   -0.25000000000000   -0.37500000000000   -0.14285714285715             1
   -0.12500000000000   -0.37500000000000   -0.14285714285715             1
    0.00000000000000   -0.25000000000000   -0.14285714285715             1
    0.12500000000000   -0.25000000000000   -0.14285714285715             1
    0.25000000000000   -0.25000000000000   -0.14285714285715             1
    0.37500000000000   -0.25000000000000   -0.14285714285715             1
    0.50000000000000   -0.25000000000000   -0.14285714285715             1
   -0.37500000000000   -0.25000000000000   -0.14285714285715             1
   -0.25000000000000   -0.25000000000000   -0.14285714285715             1
   -0.12500000000000   -0.25000000000000   -0.14285714285715             1
   -0.00000000000000   -0.12500000000000   -0.14285714285715             1
    0.12500000000000   -0.12500000000000   -0.14285714285715             1
    0.25000000000000   -0.12500000000000   -0.14285714285715             1
    0.37500000000000   -0.12500000000000   -0.14285714285715             1
    0.50000000000000   -0.12500000000000   -0.14285714285715             1
   -0.37500000000000   -0.12500000000000   -0.14285714285715             1
   -0.25000000000000   -0.12500000000000   -0.14285714285715             1
   -0.12500000000000   -0.12500000000000   -0.14285714285715             1
